5.033330, 0.068500, 0.081097, 0.914610, 1.259137, 0.647093, 1.766881, 0.050781, 0.761152, 0.745487, 0.321178, 1.776913, 0.621892, 0.259082, 2.079937, 0.788137, 0.058157, 2.932496, 2.605941, 3.765005, 0.031884, 0.416477, 0.831456, 2.821638, 2.411885, 2.342596, 1.161169, 3.249020, 3.735502, 2.602409, 1.917122, 0.020109, 1.339996, 0.347611, 1.827565, 2.898864, 2.808811, 1.201999, 0.045828, 0.830299, 0.529789, 0.444863, 4.455673, 0.301710, 0.700057, 3.139284, 1.815730, 0.194340, 3.476394, 2.809796, 2.371465, 3.566234, 1.275165, 0.370796, 1.682149, 3.333083, 1.592043, 0.091315, 1.237186, 0.617655
10.066688, 0.094503, 0.081097, 0.914610, 1.259137, 0.647321, 1.766881, 0.070828, 0.761152, 0.745487, 1.157865, 2.529445, 0.621892, 0.062914, 2.390276, 0.788136, 0.098052, 2.942905, 2.649817, 3.765005, 0.294665, 0.789696, 0.831456, 2.821638, 2.414848, 2.247835, 3.442245, 4.065374, 3.751345, 2.602409, 2.212713, 1.018870, 1.339988, 0.347611, 2.267663, 2.898864, 2.809647, 1.201999, 0.045828, 2.700891, 0.529789, 0.444863, 4.455673, 0.622165, 0.700057, 3.139349, 2.055024, 0.261930, 3.476394, 2.780272, 2.371465, 3.475919, 1.275165, 0.370796, 1.676783, 3.341681, 1.592043, 0.155579, 1.363756, 0.617683
15.100088, 0.094562, 0.072843, 0.914607, 1.520382, 0.647321, 1.766881, 0.070828, 0.761152, 0.745487, 1.263701, 2.529445, 0.621892, 0.083298, 2.638420, 0.788136, 0.098052, 2.942905, 2.649817, 3.765005, 0.294665, 2.989950, 0.831456, 2.821638, 2.414848, 2.247835, 3.826166, 5.625915, 3.751346, 2.602409, 2.287438, 1.981429, 1.339988, 0.347611, 2.158664, 2.898864, 2.809647, 1.201999, 0.045828, 2.698146, 0.542016, 0.531982, 5.612956, 0.622239, 0.700057, 3.192875, 2.105386, 0.262161, 3.476394, 2.780272, 2.371465, 3.475919, 1.275165, 0.370796, 1.655109, 3.342982, 1.510106, 1.614448, 1.363756, 0.617683
20.133369, 0.094562, 0.072843, 0.914607, 1.520382, 0.647321, 1.766881, 0.070828, 0.925707, 0.745487, 1.263701, 2.516318, 0.621892, 0.083298, 2.638077, 0.788136, 0.098052, 2.942905, 2.649817, 3.765005, 0.294665, 4.432070, 0.831456, 2.821638, 2.414848, 2.247835, 3.888528, 5.626513, 5.209260, 2.602409, 2.258925, 1.981419, 1.339816, 0.347611, 2.121587, 2.898864, 2.809647, 1.856418, 0.045828, 2.698145, 0.542016, 0.548660, 5.612285, 0.622239, 0.700057, 3.192875, 2.105386, 0.262161, 2.360838, 2.780272, 2.371465, 3.475919, 1.275165, 0.370796, 1.651428, 3.327029, 1.510106, 1.613472, 1.363756, 0.617683
25.166626, 0.094562, 0.072843, 0.914607, 1.520382, 0.647321, 1.766881, 0.099259, 0.925707, 0.745487, 1.263701, 2.606292, 0.621892, 0.083298, 2.638077, 0.788136, 0.098052, 2.942905, 2.649817, 3.765005, 0.294665, 4.556151, 0.831456, 2.821638, 2.414848, 2.247835, 3.950920, 5.626509, 5.209308, 2.602409, 2.361716, 1.981419, 1.339783, 0.347611, 2.121587, 2.898864, 2.809647, 1.856418, 0.152013, 2.698145, 0.542016, 0.548660, 5.612285, 0.622239, 0.700057, 3.192875, 2.172540, 0.262161, 1.741393, 2.780272, 2.371465, 3.401282, 1.275165, 0.370796, 1.630637, 3.327029, 1.510106, 1.613472, 1.363756, 0.617683
30.199883, 0.094562, 0.072843, 0.914607, 1.520382, 0.647321, 1.766881, 0.414020, 0.925707, 0.745487, 1.263701, 2.606292, 0.621892, 0.083298, 2.634003, 0.843318, 0.098052, 2.942905, 2.621838, 3.765005, 0.294665, 4.556151, 0.831456, 2.821638, 2.408614, 2.247835, 3.894970, 5.626509, 5.209308, 2.602409, 2.487783, 2.012864, 1.339783, 0.347611, 2.197146, 2.898864, 2.809647, 1.867406, 0.152070, 2.698145, 0.542016, 0.548660, 5.612285, 0.622239, 0.700057, 3.192875, 2.172540, 0.262161, 1.651996, 2.780272, 2.401566, 3.401282, 1.275165, 0.370796, 1.624956, 3.327029, 1.510106, 1.613472, 1.363756, 0.617683
35.233139, 0.094562, 0.072843, 0.914607, 1.520382, 0.647321, 1.766881, 0.550493, 0.925707, 0.745487, 1.263701, 2.606292, 0.621892, 0.083298, 2.622277, 0.843318, 0.098052, 2.942905, 2.621838, 3.765005, 0.294665, 4.556151, 0.759868, 2.821638, 2.408614, 2.247835, 3.894604, 5.650105, 5.124084, 2.602409, 2.491085, 2.008198, 1.339783, 0.347611, 2.307428, 2.898864, 2.809647, 1.867406, 0.152070, 2.701402, 0.542016, 0.548660, 5.592771, 0.622239, 0.700057, 3.192875, 2.172540, 0.262161, 1.651985, 2.780272, 2.401566, 3.401282, 1.275165, 0.370796, 1.622957, 3.327029, 1.510106, 1.613472, 1.363756, 0.617683
40.266396, 0.094562, 0.072843, 0.914607, 1.520382, 0.643001, 1.766881, 0.639161, 0.925707, 0.745487, 1.263701, 2.606292, 0.621892, 0.083298, 2.614110, 0.843318, 0.098052, 2.942905, 2.621838, 3.765005, 0.294665, 4.556151, 0.691122, 2.821638, 2.408614, 2.247835, 3.894604, 5.632368, 4.970584, 2.602409, 2.505042, 2.008198, 1.339783, 0.347611, 2.307428, 2.898864, 2.809647, 1.867406, 0.152070, 2.706658, 0.542016, 0.548660, 5.575240, 0.622239, 0.093695, 3.192875, 2.172540, 0.262161, 1.657027, 2.780272, 2.401566, 3.401282, 1.275165, 0.370796, 1.622899, 3.327029, 1.510106, 1.613472, 1.363756, 0.617683
45.299652, 0.094562, 0.072843, 0.914607, 1.520382, 0.643001, 1.766881, 0.261403, 0.925707, 0.745487, 1.263701, 2.606292, 0.621892, 0.083298, 2.611139, 0.843318, 0.160734, 2.942905, 2.621838, 3.765005, 0.294665, 4.556151, 0.691122, 2.821638, 2.408614, 2.247835, 3.894604, 5.628695, 4.930311, 2.602409, 2.526603, 2.008198, 1.339783, 0.347611, 2.307428, 2.898864, 2.809647, 1.867406, 0.152070, 2.706658, 0.542016, 0.548660, 5.566514, 0.622239, 0.900908, 3.192875, 2.172540, 0.262161, 1.671903, 2.780272, 2.401566, 3.401282, 1.275165, 0.370796, 1.622896, 3.327029, 1.510106, 1.613472, 1.363756, 0.617683
50.332909, 0.094562, 0.072843, 0.914607, 1.520382, 0.643001, 1.766881, 0.137216, 0.925707, 0.745487, 1.263701, 2.606292, 0.621892, 0.083298, 2.610967, 0.843318, 0.160734, 2.942905, 2.621838, 3.765005, 0.294665, 4.541609, 0.691122, 2.821638, 2.710009, 2.247835, 3.894604, 5.602806, 4.819399, 2.602409, 2.526481, 2.008198, 1.339783, 0.347611, 2.372103, 2.898864, 2.809647, 1.867406, 0.152070, 2.706658, 0.542016, 0.548660, 5.556311, 0.622239, 2.637659, 3.192875, 2.172540, 0.262161, 1.671903, 2.780272, 2.401566, 3.401282, 1.275165, 0.370796, 1.622896, 3.327029, 1.510106, 1.613472, 1.363756, 0.617683
55.366165, 0.094562, 0.085350, 0.914607, 1.520382, 0.643001, 1.766881, 0.137216, 0.925707, 0.745487, 1.263701, 2.606292, 0.621892, 0.083298, 2.610616, 0.843318, 0.160734, 2.942905, 2.621838, 3.765005, 0.294665, 3.538267, 0.691122, 2.821638, 2.719408, 2.247835, 3.894604, 5.625204, 4.721210, 2.602409, 2.526361, 2.008198, 1.339783, 0.347611, 2.371222, 2.898864, 2.809647, 1.867406, 0.152070, 2.706658, 0.542016, 0.548660, 5.556311, 0.622239, 3.014602, 3.192875, 2.172540, 0.262161, 1.671903, 2.780272, 2.401566, 3.401282, 1.275165, 0.370796, 1.622896, 3.327029, 1.510106, 1.613472, 1.363756, 0.617683
60.399422, 0.094562, 0.184335, 0.914607, 1.520382, 0.643001, 1.766881, 0.137216, 0.925707, 0.745487, 1.263701, 2.606292, 0.621892, 0.083298, 2.609217, 0.843318, 0.160734, 2.942905, 2.621838, 3.765005, 0.294665, 3.535702, 0.691122, 2.821638, 2.719408, 2.247835, 3.885181, 5.625204, 4.591268, 2.602409, 2.526307, 2.008198, 1.339783, 0.347611, 2.370727, 2.898864, 2.809647, 1.867406, 0.152070, 2.706658, 0.542016, 0.548660, 5.551208, 0.622239, 3.014334, 3.192875, 2.172540, 0.262161, 1.671903, 2.780272, 2.401566, 3.401282, 1.275165, 0.370796, 1.622896, 3.327029, 1.510106, 1.613472, 1.363756, 0.617683
65.432678, 0.094562, 0.184335, 0.914607, 1.520382, 0.643001, 1.766881, 0.137216, 0.925707, 0.745487, 1.263701, 2.606292, 0.621892, 0.083298, 2.607989, 0.843318, 0.160734, 2.942905, 2.621838, 3.765005, 0.294665, 3.509313, 0.691122, 2.821638, 2.719408, 2.247835, 3.884209, 5.168590, 4.512235, 2.602409, 2.526282, 2.008198, 1.339783, 0.347611, 2.370106, 2.898864, 2.809647, 1.867406, 0.152070, 2.706658, 0.542016, 0.548660, 4.995515, 0.622239, 3.014334, 3.192875, 2.172540, 0.262161, 1.671903, 2.780272, 2.401566, 3.401282, 1.275165, 0.370796, 1.622896, 3.327029, 1.510106, 1.613472, 1.363756, 0.617683
70.465935, 0.094562, 0.184335, 0.914607, 1.520382, 0.643001, 1.766881, 0.137216, 0.925707, 0.745487, 1.263701, 2.606292, 0.621892, 0.083298, 2.606711, 0.843318, 0.160734, 2.942905, 2.621838, 3.765005, 0.294665, 3.509313, 0.691122, 2.821638, 2.719408, 2.247835, 3.880496, 5.461789, 4.356441, 2.602409, 2.526424, 2.008198, 1.339783, 0.347611, 2.369117, 2.908588, 2.809647, 1.867406, 0.152070, 2.706658, 0.542016, 0.548660, 4.645879, 0.622239, 3.014334, 3.192875, 2.172540, 0.262161, 1.671903, 2.780272, 2.401566, 3.401282, 1.275165, 0.370796, 1.622896, 3.327029, 1.510106, 1.613472, 1.363756, 0.617683
75.499191, 0.094562, 0.184335, 0.914607, 1.520382, 0.643001, 1.766881, 0.137216, 0.925707, 0.745487, 1.263701, 2.606292, 0.621892, 0.083298, 2.606221, 0.843318, 0.160734, 2.942905, 2.621838, 3.765005, 0.294665, 3.509313, 0.691122, 2.821638, 2.719408, 2.247835, 3.766146, 5.311584, 4.356441, 2.602409, 2.526548, 2.008198, 1.339783, 0.347611, 2.368302, 2.908707, 2.809647, 1.867406, 0.152070, 2.706658, 0.542016, 0.548660, 4.193374, 0.622239, 3.014334, 3.192875, 2.172540, 0.262161, 1.671903, 2.780272, 2.401566, 3.401282, 1.275165, 0.370796, 1.622896, 3.327029, 1.510106, 1.613472, 1.363756, 0.617683
80.532448, 0.094562, 0.184335, 0.914607, 1.520382, 0.643001, 1.766881, 0.137216, 0.925707, 0.745487, 1.263701, 2.606292, 0.621892, 0.083298, 2.606149, 0.843318, 0.160734, 2.942905, 2.621838, 3.765005, 0.294665, 3.509313, 0.691122, 2.821638, 2.719408, 2.247835, 3.763052, 4.280402, 4.097001, 2.602409, 2.526712, 2.008198, 1.339783, 0.347611, 2.368479, 2.908707, 2.809647, 1.867406, 0.152070, 2.706658, 0.542016, 0.548660, 4.089932, 0.622239, 3.014334, 3.192875, 2.172540, 0.262161, 1.671903, 2.780272, 2.401566, 3.401282, 1.275165, 0.370796, 1.622896, 3.327029, 1.510106, 1.613472, 1.363756, 0.617683
85.565704, 0.094562, 0.184335, 0.914607, 1.520382, 0.643001, 1.766881, 0.137216, 0.925707, 0.745487, 1.263701, 2.606292, 0.621892, 0.083298, 2.606142, 0.843318, 0.160734, 2.942905, 2.621838, 3.765005, 0.294665, 3.509313, 0.691122, 2.821638, 2.719408, 2.247835, 3.624778, 4.296933, 4.097001, 2.602409, 2.526899, 2.008198, 1.339783, 0.347611, 2.368472, 2.908707, 2.809647, 1.867406, 0.152070, 2.706658, 0.542016, 0.548660, 4.033490, 0.622239, 3.014334, 3.192875, 2.172540, 0.262161, 1.671903, 2.780272, 2.401566, 3.401282, 1.275165, 0.370796, 1.622896, 3.327029, 1.510106, 1.613472, 1.363756, 0.617683
90.598961, 0.094562, 0.184335, 0.914607, 1.520382, 0.643001, 1.766881, 0.137216, 0.925707, 0.745487, 1.263701, 2.606292, 0.621892, 0.083298, 2.605830, 0.843318, 0.160734, 2.942905, 2.621838, 3.765005, 0.294665, 3.441351, 0.691122, 2.821638, 2.719408, 2.247835, 3.517040, 4.310366, 3.822770, 2.602409, 2.527012, 2.008198, 1.339783, 0.347611, 2.368217, 2.908707, 2.809647, 1.867406, 0.152070, 2.706658, 0.542016, 0.548660, 4.014863, 0.622239, 3.014334, 3.192875, 2.172540, 0.262161, 1.671903, 2.780272, 2.401566, 3.401282, 1.275165, 0.370796, 1.622896, 3.327029, 1.510106, 1.613472, 1.363756, 0.617683
95.632217, 0.094562, 0.184335, 0.914607, 1.520382, 0.643001, 1.766881, 0.137216, 0.925707, 0.745487, 1.263701, 2.606292, 0.621892, 0.083298, 2.605829, 0.843318, 0.160734, 2.942905, 2.621838, 3.765005, 0.294665, 3.441351, 0.691122, 2.821638, 2.719408, 2.247835, 3.496995, 4.447457, 3.822770, 2.602409, 2.526609, 2.008198, 1.339783, 0.347611, 2.368304, 2.908707, 2.809647, 1.867406, 0.152070, 2.706658, 0.542016, 0.548660, 4.036233, 0.622239, 3.014334, 3.192875, 2.172540, 0.262161, 1.671903, 2.780272, 2.401566, 3.401282, 1.275165, 0.370796, 1.622896, 3.327029, 1.510106, 1.613472, 1.363756, 0.617683
100.665474, 0.094562, 0.184335, 0.914607, 1.520382, 0.643001, 1.766881, 0.137216, 0.925707, 0.745487, 1.263701, 2.606292, 0.621892, 0.083298, 2.605823, 0.843318, 0.160734, 2.942905, 2.621838, 3.765005, 0.294665, 3.441351, 0.691122, 2.821638, 2.719408, 2.247835, 3.345273, 4.022642, 3.679011, 2.602409, 2.525445, 2.008198, 1.339783, 0.347611, 2.368285, 2.908707, 2.809647, 1.867406, 0.152070, 2.706658, 0.542016, 0.548660, 4.049585, 0.622239, 3.014334, 3.192875, 2.172540, 0.262161, 1.671903, 2.780272, 2.401566, 3.401282, 1.275165, 0.370796, 1.622896, 3.215869, 1.510106, 1.613472, 1.363756, 0.617683
105.698730, 0.094562, 0.184335, 0.914607, 1.520382, 0.643001, 1.766881, 0.137216, 0.925707, 0.745487, 1.263701, 2.606292, 0.621892, 0.083298, 2.605823, 0.843318, 0.160734, 2.942905, 2.621838, 3.765005, 0.294665, 3.481397, 0.691122, 2.821638, 2.719408, 2.247835, 3.345273, 3.702306, 3.672570, 2.602409, 2.524812, 2.008198, 1.339783, 0.347611, 2.368285, 2.908707, 2.809647, 1.867406, 0.152070, 2.706658, 0.542016, 0.548660, 4.081783, 0.622239, 3.013192, 3.192875, 2.172540, 0.262161, 1.671903, 2.780272, 2.401566, 3.191753, 1.275165, 0.370796, 1.622896, 3.215869, 1.510106, 1.613472, 1.363756, 0.617683
110.731987, 0.094562, 0.184335, 0.914607, 1.520382, 0.643001, 1.766881, 0.137216, 0.925707, 0.745487, 1.263701, 2.606292, 0.621892, 0.083298, 2.605823, 0.843318, 0.160734, 2.942905, 2.621838, 3.765005, 0.294665, 3.496806, 0.691122, 2.821638, 2.719408, 2.247835, 3.326773, 3.735608, 3.672570, 2.602409, 2.524900, 2.008198, 1.339783, 0.347611, 2.368291, 2.908707, 2.809647, 1.867406, 0.152070, 2.706658, 0.542016, 0.548660, 4.026704, 0.622239, 3.013246, 3.192875, 2.172540, 0.262161, 1.671903, 2.780272, 2.401566, 3.191495, 1.275165, 0.370796, 1.622896, 3.005220, 1.510106, 1.613472, 1.363756, 0.617683
115.765244, 0.094562, 0.184335, 0.914607, 1.520382, 0.643001, 1.766881, 0.137216, 0.925707, 0.745487, 1.263701, 2.606292, 0.621892, 0.083298, 2.605823, 0.843318, 0.160734, 2.942905, 2.621838, 3.765005, 0.294665, 3.713796, 0.691122, 2.821638, 2.719408, 2.247835, 3.342608, 3.775207, 3.672570, 2.602409, 2.524699, 2.008198, 1.339783, 0.347611, 2.368291, 2.908707, 2.809647, 1.867406, 0.152070, 2.706658, 0.542016, 0.548660, 4.026704, 0.622239, 3.012892, 3.192875, 2.172540, 0.262161, 1.671903, 2.780272, 2.401566, 3.214686, 1.275165, 0.370796, 1.622896, 3.005220, 1.510106, 1.613472, 1.363756, 0.617683
120.798500, 0.094562, 0.184335, 0.914607, 1.520382, 0.643001, 1.766881, 0.137216, 0.925707, 0.745487, 1.263701, 2.606292, 0.621892, 0.083298, 2.605823, 0.843318, 0.160734, 2.942905, 2.621838, 3.421013, 0.294665, 3.803160, 0.691122, 2.821638, 2.719408, 2.247835, 3.377743, 3.842497, 3.775088, 2.499120, 2.523532, 2.008198, 1.339783, 0.347611, 2.368291, 2.908707, 2.809647, 1.867406, 0.152070, 2.706658, 0.542016, 0.548660, 3.961611, 0.622239, 3.010967, 2.761690, 2.172540, 0.262161, 1.671903, 2.780272, 2.401566, 3.214686, 1.275165, 0.370796, 1.622896, 3.005220, 1.510106, 1.613472, 1.363756, 0.617683
125.831757, 0.094562, 0.184335, 0.914607, 1.520382, 0.643001, 1.766881, 0.137216, 0.925707, 0.745487, 1.263701, 2.562960, 0.621892, 0.083298, 2.605823, 0.843318, 0.160734, 2.942905, 2.621838, 3.517896, 0.294665, 4.046427, 0.691122, 2.821638, 2.719408, 2.247835, 5.398457, 3.842502, 4.488021, 2.499120, 2.523582, 2.008198, 1.339783, 0.347611, 2.368291, 2.907712, 2.809647, 1.867406, 0.152070, 2.706658, 0.542016, 0.548660, 3.961611, 0.622239, 3.011001, 2.761690, 2.172540, 0.262161, 1.671903, 2.780272, 2.401566, 3.214686, 1.275165, 0.370796, 1.622896, 3.005220, 1.510106, 1.613472, 1.363756, 0.617683
130.865662, 0.094562, 0.184335, 0.914607, 1.520382, 0.643001, 1.766881, 0.137216, 0.925707, 0.745487, 1.263701, 2.562960, 0.621892, 0.083298, 2.605823, 0.843318, 0.160734, 2.957690, 2.621838, 3.592889, 0.294665, 4.046427, 0.691122, 2.821638, 2.675307, 2.247835, 5.320752, 3.859878, 4.570719, 2.493023, 2.521981, 2.008198, 1.339783, 0.347611, 2.368291, 2.668285, 2.806827, 1.867406, 0.152070, 2.706658, 0.542016, 0.548660, 3.961611, 0.622239, 2.982676, 2.747874, 2.172540, 0.262161, 1.671903, 2.780272, 2.401566, 3.231399, 1.275165, 0.370796, 1.622896, 3.005220, 1.510106, 1.613472, 1.363756, 0.617683
135.900070, 0.094562, 0.184335, 0.914607, 1.520382, 0.643001, 1.766881, 0.137216, 0.925707, 0.745487, 1.263701, 2.562960, 0.621892, 0.083298, 2.605612, 0.843318, 0.160734, 2.951751, 2.621838, 2.961165, 0.294665, 4.258934, 0.691122, 2.821638, 2.667912, 2.247835, 5.392717, 3.859878, 4.605877, 2.430203, 2.522517, 2.008198, 1.339783, 0.347611, 2.407267, 2.656621, 2.806827, 1.867406, 0.152070, 2.706658, 0.542016, 0.548660, 3.871330, 0.622239, 2.957286, 2.728494, 2.172540, 0.262161, 1.671903, 2.780272, 2.401566, 3.211470, 1.275165, 0.370796, 1.622896, 3.005220, 1.510106, 1.613472, 1.363756, 0.617683
140.934479, 0.094562, 0.184335, 0.914607, 1.520382, 0.643001, 1.766881, 0.137216, 0.925707, 0.745487, 1.263701, 2.562960, 0.621892, 0.083298, 2.546494, 0.843318, 0.160734, 2.560479, 2.621838, 3.065585, 0.294665, 4.663295, 0.691122, 2.770564, 2.476238, 2.247835, 4.769893, 2.881640, 4.403852, 2.375635, 2.520795, 2.008198, 1.339783, 0.347611, 2.462371, 2.572099, 2.701816, 1.867406, 0.152070, 2.706658, 0.542016, 0.548660, 3.871330, 0.622239, 3.035492, 2.508619, 2.172540, 0.262161, 1.671903, 2.780272, 2.401566, 3.144714, 1.275165, 0.370796, 1.622896, 2.733342, 1.510106, 1.613472, 1.363756, 0.617683
145.968887, 0.094562, 0.184335, 0.914607, 1.520382, 0.643001, 1.766881, 0.137216, 0.925764, 0.745487, 1.263701, 2.597933, 0.621892, 0.083298, 2.642160, 0.843318, 0.160734, 2.463659, 2.621838, 3.600513, 0.294665, 5.168856, 0.691122, 2.770425, 2.484024, 2.247835, 4.132879, 2.311045, 3.262082, 2.375635, 2.541713, 2.008198, 1.339783, 0.347611, 2.525117, 2.318347, 2.716793, 1.867406, 0.152070, 2.727285, 0.542016, 0.548660, 3.871330, 0.622239, 4.189190, 2.508619, 2.172540, 0.262161, 1.671903, 2.786009, 2.401566, 2.712428, 1.275165, 0.370796, 1.622896, 2.062938, 1.510106, 1.613472, 1.363756, 0.617683
151.003296, 0.094562, 0.184335, 0.914607, 1.520382, 0.643001, 1.766881, 0.137216, 0.925764, 0.745487, 1.263701, 2.792535, 0.621892, 0.083298, 2.186237, 0.843318, 0.160734, 2.463659, 2.855185, 3.787950, 0.294665, 5.082113, 0.691122, 2.770425, 2.484024, 2.148282, 4.132884, 2.044951, 2.176580, 2.297780, 2.556283, 2.008198, 1.339783, 0.347611, 2.574176, 2.294417, 2.727477, 1.867406, 0.152070, 2.728572, 0.542016, 0.548660, 3.884318, 0.622239, 2.734817, 2.481981, 2.172540, 0.262161, 1.671903, 2.786009, 2.401566, 2.936148, 1.275165, 0.370796, 1.622896, 1.978047, 1.510106, 1.613472, 1.363756, 0.617683
156.037704, 0.094562, 0.184335, 0.914607, 1.520382, 0.643001, 1.766881, 0.137216, 0.925764, 0.745487, 1.263701, 2.792535, 0.621892, 0.083298, 2.105350, 0.843318, 0.160734, 2.432051, 2.595846, 3.789224, 0.294665, 4.781953, 0.691122, 2.770425, 2.374000, 2.148282, 4.132884, 2.020546, 2.171152, 2.297780, 2.591107, 2.008198, 1.339783, 0.347611, 2.612435, 2.294417, 2.727477, 1.867406, 0.152070, 2.723822, 0.542016, 0.548660, 4.870809, 0.622239, 2.112814, 2.481967, 2.172540, 0.262161, 1.671903, 2.786009, 2.327927, 3.006784, 1.275165, 0.370796, 1.622896, 1.842075, 1.510106, 1.613472, 1.363756, 0.617683
161.072113, 0.094562, 0.184335, 0.914607, 1.520382, 0.643001, 1.766881, 0.137216, 0.925764, 0.745487, 1.263701, 2.792535, 0.621892, 0.083298, 2.068302, 0.843318, 0.160734, 2.508927, 2.317516, 3.959134, 0.294665, 5.139977, 0.691122, 2.910151, 2.374000, 2.148282, 4.132884, 2.015579, 2.160086, 2.297780, 2.568112, 2.008198, 1.339783, 0.347611, 2.633654, 2.287144, 2.734980, 1.867406, 0.152070, 2.709828, 0.542016, 0.548660, 5.406623, 0.622239, 2.112822, 2.481967, 2.172540, 0.262161, 1.671903, 3.182498, 2.329805, 3.006784, 1.275165, 0.370796, 1.622896, 1.834301, 1.510106, 1.613472, 1.363756, 0.617683
166.106522, 0.094562, 0.210272, 0.914607, 1.520382, 0.643001, 1.766881, 0.137216, 0.931822, 0.745487, 1.263701, 2.792535, 0.621892, 0.083298, 1.988241, 0.843318, 0.160734, 2.303468, 1.721963, 3.959134, 0.294665, 5.056345, 0.691122, 2.455249, 2.374805, 2.002086, 4.132884, 1.899789, 2.028515, 2.272585, 2.468256, 1.995006, 1.339783, 0.051072, 2.649546, 2.268117, 3.257140, 1.866488, 0.152070, 2.709828, 0.542016, 0.548660, 4.599396, 0.622239, 2.012088, 2.174927, 2.172540, 0.262161, 1.671903, 3.293440, 2.329805, 3.006784, 1.275165, 0.370796, 1.622896, 1.763803, 1.510106, 1.613472, 1.363756, 0.617683
171.140930, 0.094562, 0.213084, 0.914607, 1.520382, 0.643001, 1.766881, 0.137216, 0.931822, 0.745487, 1.263701, 2.792535, 0.621892, 0.083298, 1.983487, 0.843318, 0.160734, 2.311338, 1.711132, 3.959134, 0.294665, 5.322339, 0.691122, 2.409679, 2.392737, 1.793753, 3.662400, 1.899789, 2.028515, 2.645569, 2.484308, 2.001194, 1.339783, 0.670833, 2.623448, 2.259254, 2.775553, 1.866488, 0.152070, 2.709828, 0.542016, 0.548660, 2.403925, 0.622239, 2.012088, 2.174898, 2.172540, 0.262161, 1.671903, 3.293440, 2.472921, 2.926548, 1.275165, 0.370796, 1.622369, 1.763803, 1.510106, 1.613472, 1.363756, 0.617683
176.175339, 0.094562, 0.213084, 0.914607, 1.505801, 0.643001, 1.753742, 0.137216, 0.931822, 0.745487, 1.263701, 2.804236, 0.621892, 0.083298, 1.902978, 0.843318, 0.160734, 2.359421, 1.602977, 3.916226, 0.294665, 5.336609, 0.691122, 2.367419, 2.392737, 1.804215, 3.662400, 1.899789, 2.029270, 2.598386, 2.381567, 2.000253, 1.339783, 1.943275, 2.505923, 1.943091, 1.986370, 1.879320, 0.152070, 2.761469, 0.542016, 0.548660, 1.601458, 0.622239, 1.976047, 2.091890, 2.172540, 0.262161, 1.663841, 3.293440, 2.472921, 2.926548, 1.275165, 0.370796, 1.622266, 1.740150, 1.493073, 1.613472, 1.363756, 0.617683
181.209747, 0.094562, 0.213084, 0.914607, 1.505177, 0.643001, 1.697062, 0.137216, 0.931822, 0.745487, 1.263701, 2.700692, 0.621892, 0.083298, 1.683583, 0.843318, 0.160734, 2.360613, 1.602977, 3.841661, 0.294665, 5.342522, 0.691122, 2.477886, 2.392737, 1.804215, 3.615324, 1.899789, 2.029270, 2.598446, 2.729700, 1.965219, 1.339783, 2.199715, 2.456518, 1.873010, 1.862595, 1.575354, 0.152070, 2.287333, 0.542016, 0.548660, 1.605666, 0.622239, 2.126957, 1.938635, 2.103235, 0.262161, 1.663315, 3.293440, 2.472921, 3.228373, 1.275165, 0.370796, 1.622229, 1.740150, 1.428363, 1.613472, 1.363756, 0.617683
186.244156, 0.094562, 0.213084, 0.914607, 1.363055, 0.643001, 1.624809, 0.137216, 0.931822, 0.745487, 1.263701, 2.730865, 0.621892, 0.083298, 1.458838, 0.843318, 0.160734, 3.509662, 1.602977, 3.879850, 0.294665, 5.286942, 0.691122, 1.819249, 2.392737, 1.804215, 3.615301, 1.937443, 2.092263, 2.598446, 2.736843, 1.660995, 1.339783, 2.134716, 2.144515, 1.837927, 1.824995, 1.575354, 0.152070, 1.669578, 0.542016, 0.548660, 1.629063, 0.622239, 2.282409, 1.938635, 1.483378, 0.262161, 1.663315, 2.625109, 2.472921, 4.132418, 1.275165, 0.370796, 1.622229, 1.755820, 1.353906, 1.613472, 1.363756, 0.617683
191.278564, 0.094562, 0.213084, 0.914607, 1.363055, 0.643001, 1.516194, 0.137216, 0.931822, 0.745487, 1.263701, 2.724667, 0.621892, 0.083298, 1.458829, 0.843318, 0.160734, 4.504869, 1.602977, 3.912509, 0.294665, 5.287998, 0.691122, 1.826632, 2.392737, 1.769671, 4.026690, 1.932657, 2.075104, 2.554972, 2.742857, 1.660394, 1.339783, 1.841584, 1.977136, 1.638489, 1.466637, 1.662208, 0.152070, 1.628918, 0.542016, 0.548660, 1.629554, 0.622239, 2.282409, 1.938635, 1.482084, 0.262161, 1.663315, 2.349151, 2.472921, 3.837892, 1.275165, 0.370796, 1.622229, 1.755847, 1.283344, 1.611135, 1.363756, 0.617683
196.312973, 0.094562, 0.213084, 0.914607, 1.362246, 0.643001, 1.501533, 0.137216, 0.931822, 0.745487, 1.263701, 2.724667, 0.621892, 0.083298, 1.378436, 0.843318, 0.160734, 4.504856, 1.602977, 3.886048, 0.294665, 5.217528, 0.691122, 1.826632, 2.392737, 2.621335, 4.026690, 1.653525, 1.401047, 2.268170, 2.742852, 1.651412, 1.339783, 1.956200, 2.073587, 1.628989, 1.466637, 1.662208, 0.152070, 1.444596, 0.542016, 0.548660, 1.407930, 0.622239, 2.608955, 1.938635, 1.337152, 0.262161, 1.611824, 1.466377, 2.472921, 3.596475, 1.275165, 0.370796, 1.622229, 1.808877, 1.121047, 1.610229, 1.363756, 0.617683
201.347382, 0.094562, 0.213084, 0.914607, 1.362246, 0.643001, 1.489293, 0.137216, 0.931822, 0.745487, 1.263701, 2.724667, 0.621892, 0.083298, 1.261589, 0.843318, 0.160734, 4.355262, 1.602977, 3.892053, 0.294665, 5.217528, 0.691122, 1.853980, 2.414869, 2.814092, 4.026690, 1.644262, 1.401047, 2.674461, 2.797559, 1.651412, 1.339783, 2.094827, 1.963539, 1.617336, 1.395957, 1.304721, 0.152070, 1.444596, 0.542016, 0.548660, 1.407930, 0.622239, 2.582784, 1.892771, 1.323094, 0.262161, 1.477700, 1.297796, 2.388763, 2.989069, 1.275165, 0.370796, 1.622229, 2.027555, 1.095400, 1.608853, 1.363756, 0.617683
206.381790, 0.094562, 0.213084, 0.914607, 1.362246, 0.643001, 1.396131, 0.137216, 0.931822, 0.745487, 1.263701, 2.450815, 0.621892, 0.083298, 1.261582, 0.843318, 0.160734, 4.355262, 1.598587, 3.892053, 0.294665, 5.217528, 0.691122, 1.603600, 2.401188, 2.867885, 4.026690, 1.644262, 1.401047, 2.674461, 2.200001, 1.625505, 1.339783, 2.218918, 2.146649, 1.521590, 1.395957, 1.304495, 0.152070, 1.444596, 0.542016, 0.548660, 1.407930, 0.622239, 2.539407, 1.892771, 1.322803, 0.262161, 1.403951, 1.260617, 2.388714, 1.747765, 1.275165, 0.370796, 1.621901, 2.027649, 1.071046, 1.609021, 1.363756, 0.617683
211.416199, 0.094562, 0.213084, 0.914607, 1.362246, 0.643001, 1.396131, 0.137216, 0.931822, 0.745487, 1.263701, 3.588797, 0.621892, 0.083298, 1.235839, 0.843318, 0.160734, 4.165491, 1.566967, 3.892053, 0.294665, 5.211454, 0.691122, 1.603600, 2.817684, 2.952175, 4.026690, 1.575963, 1.164227, 4.076327, 2.401501, 1.511133, 1.339783, 2.257913, 2.213009, 1.521590, 1.345007, 1.304495, 0.152070, 1.320767, 0.542016, 0.548660, 1.407930, 0.622239, 2.850457, 1.907735, 1.186115, 0.262161, 1.432554, 1.231644, 2.362917, 1.185992, 1.275165, 0.370796, 1.621009, 1.994131, 0.947188, 1.609029, 1.363756, 0.617683
216.450607, 0.094562, 0.213084, 0.914607, 1.296556, 0.643001, 1.396131, 0.137216, 0.931822, 0.745487, 1.263701, 5.455201, 0.621892, 0.083298, 1.234907, 0.843318, 0.160734, 2.575436, 1.430094, 3.892053, 0.294665, 5.211454, 0.691122, 1.603600, 3.730209, 3.027518, 4.026690, 1.867837, 1.154992, 4.437591, 2.390880, 1.511132, 1.339783, 2.269401, 1.845269, 1.521590, 1.333187, 1.303856, 0.152070, 1.320713, 0.542016, 0.548660, 1.420591, 0.622239, 2.850457, 1.840471, 1.083613, 0.262161, 1.411316, 1.187634, 2.362917, 1.185990, 1.275165, 0.370796, 1.620989, 2.287829, 0.947188, 1.609028, 1.363756, 0.617683
221.485016, 0.094562, 0.213084, 0.914607, 1.227555, 0.643001, 1.354461, 0.137216, 0.931822, 0.745487, 1.263701, 5.454880, 0.621892, 0.083298, 1.236564, 0.843318, 0.160734, 1.216157, 1.430104, 3.924093, 0.294665, 5.211454, 0.691122, 1.632834, 3.123691, 3.017175, 4.026690, 3.098233, 1.154772, 5.170025, 2.677096, 1.428058, 1.339783, 2.491149, 1.910654, 1.517087, 1.233559, 1.303856, 0.152070, 1.279635, 0.542016, 0.548660, 1.430793, 0.622239, 2.850457, 1.859997, 1.085512, 0.262161, 1.411316, 1.187634, 2.336923, 1.185990, 1.275165, 0.370796, 1.583530, 2.321757, 0.863978, 1.612433, 1.363756, 0.617683
226.519424, 0.094562, 0.213084, 0.914607, 1.227555, 0.643001, 1.354461, 0.137216, 0.931822, 0.745487, 1.263701, 5.454880, 0.621892, 0.083298, 1.201850, 0.843318, 0.160734, 1.165527, 1.427270, 3.927651, 0.294665, 5.254534, 0.691122, 1.632834, 2.939706, 1.296018, 4.026690, 4.457257, 1.003773, 5.219603, 2.639583, 1.428058, 1.061644, 2.504247, 1.894036, 1.517087, 1.188425, 1.303678, 0.152070, 1.279635, 0.542016, 0.548660, 1.458306, 0.622239, 4.030227, 2.186800, 1.085669, 0.262161, 1.411316, 1.187634, 2.543332, 1.153143, 1.275165, 0.370796, 1.554124, 2.364868, 0.793998, 1.615857, 1.363756, 0.617683
231.553833, 0.094562, 0.213084, 0.914607, 1.233437, 0.635510, 1.329768, 0.137216, 0.931822, 0.745487, 1.260738, 5.494847, 0.621892, 0.083298, 1.152834, 0.843318, 0.160734, 1.145231, 1.618423, 4.113255, 0.294665, 4.997076, 0.691122, 1.743857, 2.939706, 2.139715, 4.026690, 5.392812, 0.860896, 5.378356, 2.715581, 1.415958, 1.016986, 2.594696, 2.055437, 1.430013, 1.138438, 1.124925, 0.152070, 1.300478, 0.542016, 0.548660, 1.503365, 0.622239, 4.276871, 3.942313, 0.986144, 0.262161, 1.435540, 1.179621, 2.439207, 1.036971, 1.275165, 0.370796, 1.673411, 2.364868, 0.751468, 1.625650, 1.297778, 0.617713
236.588242, 0.094562, 0.213084, 0.914607, 1.141878, 0.634749, 1.329768, 0.137216, 0.931822, 0.745487, 1.249177, 5.494847, 0.621892, 0.083298, 1.152834, 0.843318, 0.160734, 1.120277, 1.618423, 4.168637, 0.294665, 5.178099, 0.691122, 1.674640, 2.939706, 2.930320, 3.839837, 3.313520, 0.860896, 5.378356, 2.745487, 1.415958, 1.016986, 2.573054, 1.717468, 1.430021, 1.108308, 1.124925, 0.152070, 1.300478, 0.542016, 0.548660, 1.549939, 0.622239, 2.914336, 2.861441, 0.986144, 0.262161, 1.360381, 1.167957, 2.305953, 1.036971, 1.275165, 0.370796, 1.679380, 2.364868, 0.701953, 1.997978, 1.249434, 0.618828
241.622650, 0.094562, 0.213084, 0.914607, 1.074078, 0.634747, 1.329768, 0.137216, 0.931822, 0.745487, 1.247830, 5.644036, 0.621892, 0.083298, 1.152834, 0.843318, 0.160734, 1.119577, 0.853102, 5.358706, 0.294665, 5.053640, 0.691122, 1.676059, 2.698194, 3.967887, 3.838796, 1.393994, 0.860896, 5.497538, 2.765933, 1.415958, 1.016986, 2.624224, 1.415239, 1.430021, 0.987386, 1.124925, 0.152070, 1.300478, 0.542016, 0.548660, 3.288635, 0.622239, 0.988682, 1.274253, 0.986144, 0.262161, 1.328155, 1.158350, 1.000616, 1.036971, 1.275165, 0.370796, 1.684355, 2.364868, 0.701098, 2.330938, 1.249372, 0.618833
246.657059, 0.094562, 0.213084, 0.914607, 1.074078, 0.628515, 1.329768, 0.137216, 0.857876, 0.745487, 1.110775, 5.623924, 0.621892, 0.083298, 0.894674, 0.843318, 0.160734, 1.105940, 0.831020, 5.472349, 0.294665, 5.111908, 0.691122, 1.676059, 3.059706, 3.615206, 3.838796, 1.032418, 0.860896, 5.442837, 2.765933, 1.369643, 1.016986, 2.647074, 1.863414, 1.430021, 0.863751, 1.124925, 0.152070, 1.300478, 0.542016, 0.548660, 5.234117, 0.622239, 0.976047, 1.262084, 0.986990, 0.262161, 1.193789, 1.072709, 0.926673, 1.036971, 1.275165, 0.370796, 1.684355, 2.702237, 0.618024, 1.937774, 1.206750, 0.618902
251.691467, 0.094562, 0.213084, 0.914607, 1.016143, 0.626273, 1.155434, 0.137216, 0.857876, 0.745487, 1.041518, 5.562799, 0.621892, 0.083298, 0.897768, 0.843318, 0.160734, 1.105163, 0.830978, 5.351386, 0.294665, 4.977177, 0.691122, 1.516690, 3.067165, 3.556059, 3.838796, 1.032609, 0.860740, 5.364283, 2.698467, 1.369621, 1.016986, 2.569119, 0.980091, 1.341757, 0.863751, 1.641293, 0.152070, 1.300478, 0.542016, 0.548660, 5.188807, 0.622239, 0.977732, 1.230321, 0.981687, 0.262161, 0.991636, 0.846846, 0.917826, 1.036971, 1.275165, 0.370796, 1.407902, 2.987806, 0.617996, 1.937774, 1.206750, 0.621026
256.725555, 0.094562, 0.213084, 0.892845, 1.016143, 0.626273, 1.154096, 0.137216, 0.837986, 0.745487, 0.933241, 5.640308, 0.621892, 0.083298, 0.855444, 0.843318, 0.160734, 1.231830, 0.830978, 5.321139, 0.294665, 4.870182, 0.691122, 1.516690, 3.007229, 3.556059, 3.901930, 1.046784, 0.849420, 5.391390, 2.549597, 1.424699, 1.016986, 2.732929, 0.954881, 1.341757, 0.849657, 1.807972, 0.152070, 1.300478, 0.542016, 0.548660, 5.488144, 0.573177, 0.977732, 1.099753, 1.010868, 0.262161, 0.923667, 0.795375, 0.887582, 1.011872, 1.164145, 0.370796, 1.544936, 2.078669, 0.592069, 1.930854, 1.062973, 0.621026
261.757660, 0.094562, 0.213084, 0.892845, 1.016143, 0.625987, 1.154096, 0.137216, 0.837986, 0.745487, 0.933241, 5.637418, 0.621892, 0.083298, 0.855444, 0.843318, 0.160734, 1.231830, 0.830978, 5.325923, 0.294665, 4.936533, 0.691122, 1.516690, 2.894560, 3.554801, 3.860013, 1.019815, 0.837211, 5.398709, 2.549597, 1.424741, 1.016986, 2.757485, 0.954881, 1.341757, 0.782876, 1.807972, 0.152070, 1.322398, 0.542016, 0.506117, 3.875143, 0.573177, 0.977732, 1.086077, 0.983856, 0.260994, 0.923667, 0.795375, 0.887582, 0.959227, 1.110842, 0.370796, 1.547399, 1.950247, 0.591983, 1.930832, 1.034097, 0.621042
266.789764, 0.094562, 0.213084, 0.892845, 1.016143, 0.587666, 1.154096, 0.137216, 0.837986, 0.745487, 0.862347, 5.637418, 0.621892, 0.083298, 0.855444, 0.843318, 0.160734, 1.121092, 0.830978, 5.325923, 0.294665, 5.244035, 0.691122, 1.516690, 1.692074, 3.554801, 3.859962, 1.019815, 0.537181, 5.398709, 2.620810, 1.502919, 1.016986, 2.735664, 0.955625, 1.341757, 0.782876, 1.886434, 0.152070, 1.321486, 0.542016, 0.499635, 2.263315, 0.567205, 0.977732, 1.086077, 1.069385, 0.260990, 0.966706, 0.697260, 0.887582, 0.673086, 1.110213, 0.370796, 1.562880, 1.865706, 0.591983, 1.930832, 1.034097, 0.614091
271.821869, 0.094562, 0.213084, 0.875933, 1.016143, 0.587666, 1.022075, 0.137216, 0.837986, 0.745487, 0.852887, 5.634823, 0.621892, 0.083298, 0.850977, 0.843318, 0.160734, 1.595289, 0.830978, 5.123641, 0.294665, 5.338767, 0.691122, 1.135189, 1.955253, 3.554801, 3.859962, 0.860289, 0.415067, 5.261469, 2.642792, 1.315783, 1.016986, 1.870554, 0.936395, 1.365425, 0.544153, 1.816411, 0.152070, 1.321486, 0.524599, 0.415435, 0.827558, 0.532290, 0.977732, 1.225024, 1.071970, 0.260990, 0.972973, 0.695729, 0.887582, 0.536032, 1.112331, 0.370796, 1.563262, 1.866693, 0.582539, 1.930832, 1.034097, 0.614091
276.853973, 0.094562, 0.213084, 0.875933, 1.016143, 0.556018, 0.890099, 0.137216, 0.834252, 0.745487, 0.851936, 5.639731, 0.621892, 0.083298, 0.833583, 0.840816, 0.160734, 1.695912, 0.544522, 4.106622, 0.294665, 5.338767, 0.691122, 0.821583, 1.563256, 3.554801, 3.859962, 0.860289, 0.414342, 5.316347, 2.725580, 0.761404, 1.016986, 1.736040, 0.899739, 1.408635, 0.544173, 0.686644, 0.152070, 1.356978, 0.524540, 0.406503, 0.831736, 0.487657, 0.656981, 1.225024, 1.071970, 0.205916, 0.972973, 0.695729, 0.887671, 0.535863, 1.112331, 0.370796, 1.563424, 1.900928, 0.550251, 2.146237, 1.021574, 0.620335
281.886078, 0.094562, 0.213084, 0.803820, 1.016143, 0.556018, 0.890099, 0.137216, 0.646915, 0.745487, 0.790778, 5.639803, 0.621892, 0.083298, 0.830945, 0.840816, 0.160734, 1.695912, 0.500898, 4.106622, 0.294665, 5.326614, 0.691122, 0.821583, 1.028060, 4.391299, 4.068987, 0.860289, 0.413537, 5.316284, 2.723330, 0.761404, 1.016986, 2.355067, 0.854895, 1.408635, 0.501863, 0.642371, 0.152070, 1.356978, 0.524540, 0.406488, 0.846534, 0.481758, 0.522593, 1.225024, 1.087091, 0.159044, 1.034655, 0.557866, 0.882157, 0.534934, 1.112331, 0.370796, 1.800124, 1.892218, 0.543794, 2.342645, 0.951509, 0.620335
286.918182, 0.094562, 0.213084, 0.803820, 1.016143, 0.476606, 0.809908, 0.137216, 0.426456, 0.745487, 0.506590, 5.639803, 0.621892, 0.083298, 0.772736, 0.520452, 0.160734, 1.620312, 0.481364, 4.184752, 0.197603, 5.106440, 0.691122, 0.821583, 1.028060, 4.392790, 4.440829, 0.864917, 0.405344, 5.316284, 2.600171, 0.761404, 0.881490, 4.137356, 0.854895, 1.408635, 0.421195, 0.610814, 0.152070, 1.288038, 0.524540, 0.406487, 0.857170, 0.481758, 0.526019, 1.225024, 0.929968, 0.142906, 0.797572, 0.326013, 1.193920, 0.538398, 1.112331, 0.370796, 2.016383, 1.892218, 0.541882, 2.342645, 0.900737, 0.607408
291.950287, 0.094562, 0.213084, 0.803820, 0.929506, 0.402152, 0.697089, 0.137216, 0.426456, 0.745487, 0.500607, 5.639803, 0.621892, 0.083298, 0.684802, 0.520452, 0.160734, 1.620312, 0.481337, 4.184752, 0.195656, 5.106440, 0.691122, 0.626398, 1.028060, 4.392790, 4.502965, 0.865384, 0.404982, 5.316284, 2.535192, 0.543586, 0.881490, 3.529552, 0.854895, 0.972162, 0.421195, 0.610830, 0.152070, 1.452364, 0.525501, 0.404581, 0.857170, 0.481758, 0.526017, 1.225024, 0.929968, 0.142897, 0.796122, 0.323631, 2.404961, 0.537431, 1.104711, 0.370796, 1.554891, 1.892218, 0.541882, 2.144839, 0.900737, 0.581492
296.982391, 0.094562, 0.213084, 0.677058, 1.363311, 0.401743, 0.697089, 0.137216, 0.426456, 0.745487, 0.493834, 5.635943, 0.507182, 0.083298, 0.665243, 0.520452, 0.160734, 1.433715, 0.481337, 4.382646, 0.194404, 5.106440, 0.691122, 0.626398, 1.030165, 4.393388, 4.444898, 0.859448, 0.404982, 3.742731, 2.541001, 0.543586, 0.881490, 2.325216, 0.782215, 1.057643, 0.421195, 0.610830, 0.152070, 2.258723, 0.477656, 0.404581, 0.865165, 0.497598, 0.526017, 1.868711, 0.968763, 0.142897, 0.796184, 0.322442, 2.953570, 0.537167, 1.104711, 0.370796, 1.520224, 1.892218, 0.541652, 2.140964, 0.898096, 0.579576
302.014496, 0.094562, 0.213084, 0.646665, 1.363310, 0.401698, 0.684505, 0.137216, 0.426456, 0.745487, 0.467212, 5.638871, 0.507162, 0.083298, 0.650668, 0.520452, 0.160734, 1.773315, 0.481337, 2.732723, 0.185258, 5.076444, 0.651263, 0.626398, 1.040372, 4.431923, 4.248575, 0.859448, 0.404982, 2.325093, 2.561498, 0.543586, 0.881490, 2.516312, 0.761197, 0.885130, 0.421195, 0.610830, 0.152070, 2.301637, 0.453162, 0.404581, 0.865165, 0.503573, 0.526017, 1.867750, 0.987621, 0.142897, 0.828959, 0.308115, 2.953571, 0.536607, 0.543348, 0.370796, 2.008794, 1.697007, 0.498661, 1.850896, 0.898096, 0.579457
307.046600, 0.094562, 0.213084, 0.543503, 1.363310, 0.401698, 0.530040, 0.137216, 0.426456, 0.745487, 0.365599, 5.638855, 0.500681, 0.083298, 0.650864, 0.520452, 0.160734, 1.706651, 0.455495, 1.820612, 0.105959, 4.989324, 0.483055, 0.538840, 1.040372, 4.315505, 3.658184, 0.867413, 0.397388, 1.285878, 2.246294, 0.457704, 0.881490, 2.528063, 0.761197, 0.934258, 0.420877, 0.627653, 0.152070, 2.226538, 0.452671, 0.404581, 0.875058, 0.504538, 0.480759, 1.867750, 0.996781, 0.114689, 0.850900, 0.213351, 2.953571, 0.531228, 0.543176, 0.370796, 1.995869, 1.864716, 0.498641, 1.787077, 0.916113, 0.579457
312.078705, 0.094562, 0.213084, 0.528083, 1.356268, 0.328865, 0.465291, 0.137216, 0.423164, 0.644645, 0.334568, 5.638855, 0.500682, 0.083298, 0.655961, 0.513622, 0.160734, 1.536299, 0.369650, 1.773824, 0.098470, 4.989324, 0.483055, 0.402010, 1.040372, 4.162226, 3.785614, 0.873287, 0.394782, 0.792057, 2.246196, 0.457701, 0.881490, 2.427115, 0.761197, 0.606066, 0.406716, 0.484201, 0.152070, 2.324515, 0.366913, 0.404473, 0.888189, 0.504538, 0.488813, 1.867750, 0.997009, 0.111600, 0.895896, 0.177157, 2.334462, 0.530980, 0.543176, 0.370796, 1.284370, 1.862613, 0.490183, 1.743410, 0.896520, 0.476576
317.110809, 0.094562, 0.213084, 0.503570, 2.205588, 0.323079, 0.428633, 0.137216, 0.408136, 0.644645, 0.331105, 5.638855, 0.500682, 0.083298, 0.654345, 0.396907, 0.160734, 1.271501, 0.372490, 1.773824, 0.098164, 4.482246, 0.483055, 0.402010, 1.040372, 4.162220, 3.825107, 0.873288, 0.390752, 1.520915, 2.292475, 0.457701, 0.871878, 2.434503, 0.761197, 0.593655, 0.406712, 0.492588, 0.152070, 2.324515, 0.352620, 0.404218, 0.888190, 0.504538, 0.467869, 1.867750, 0.997009, 0.097639, 0.897207, 0.176499, 2.404169, 0.531721, 0.543176, 0.370796, 1.385167, 1.862613, 0.446661, 1.743410, 0.896520, 0.515249
322.142914, 0.094562, 0.213084, 0.503900, 3.264354, 0.323079, 0.427512, 0.137216, 0.408136, 0.607425, 0.328777, 5.639274, 0.500682, 0.083298, 0.501795, 0.396900, 0.160734, 1.258963, 0.372490, 1.778690, 0.097957, 4.162455, 0.483055, 0.402010, 0.583179, 4.162220, 3.825107, 0.873288, 0.275682, 1.718701, 2.461070, 0.359821, 0.871878, 2.455791, 0.886395, 0.597746, 0.406712, 0.492588, 0.152070, 2.324515, 0.352620, 0.402857, 0.888190, 0.504538, 0.467869, 2.009706, 0.997009, 0.097639, 0.910405, 0.174162, 2.500124, 0.415886, 0.543176, 0.370796, 1.388674, 1.862613, 0.446661, 1.743410, 0.896520, 0.515249
327.175018, 0.094562, 0.213084, 0.503900, 2.427703, 0.323079, 0.404778, 0.137216, 0.408136, 0.607425, 0.301622, 5.452427, 0.500682, 0.083298, 0.501795, 0.398102, 0.157672, 1.600741, 0.372490, 1.709805, 0.084852, 4.004841, 0.442844, 0.390491, 0.521395, 4.162074, 4.596850, 0.873288, 0.215126, 2.059102, 2.729608, 0.320514, 0.804121, 2.410715, 0.895278, 0.592497, 0.406712, 0.492588, 0.152070, 2.120886, 0.352620, 0.384344, 0.888190, 0.483508, 0.467869, 3.128546, 1.152292, 0.097639, 0.953330, 0.140611, 2.591113, 0.347502, 0.543176, 0.370796, 1.451001, 1.866498, 0.446661, 1.612544, 0.896520, 0.515249
332.207123, 0.094562, 0.212886, 0.508897, 1.880855, 0.323948, 0.346439, 0.137216, 0.355392, 0.607425, 0.270484, 5.180081, 0.500682, 0.083298, 0.501795, 0.402107, 0.157672, 2.045124, 0.340009, 1.551939, 0.063635, 4.004841, 0.442844, 0.390491, 0.521395, 4.253864, 4.586960, 0.873288, 0.214477, 0.686529, 2.729520, 0.320514, 1.593289, 2.410715, 0.897594, 0.537597, 0.406712, 0.463546, 0.152070, 2.120886, 0.332040, 0.384344, 0.888190, 0.483508, 0.465405, 4.316059, 1.159611, 0.096340, 0.999016, 0.117104, 2.591125, 0.351776, 0.543176, 0.370796, 1.451001, 1.866220, 0.446661, 1.569658, 0.896520, 0.513677
337.239227, 0.094562, 0.212844, 0.504919, 1.070241, 0.324021, 0.337151, 0.137216, 0.314201, 0.607425, 0.256081, 5.252294, 0.500682, 0.083298, 0.501795, 0.402107, 0.157672, 1.568023, 0.353056, 1.710974, 0.052937, 3.509736, 0.355200, 0.390491, 0.521395, 4.775900, 4.926210, 0.639136, 0.213632, 0.686448, 2.613877, 0.320514, 1.980274, 1.427596, 1.409081, 0.537455, 0.407298, 0.434939, 0.152070, 2.120886, 0.331237, 0.375051, 0.888502, 0.483508, 0.482882, 2.687021, 1.150709, 0.088681, 0.999016, 0.114388, 1.976261, 0.354976, 0.524653, 0.370796, 1.610279, 1.875558, 0.409493, 1.850848, 0.896520, 0.513087
342.271332, 0.094562, 0.212844, 0.502924, 2.106644, 0.303003, 0.337065, 0.137216, 0.306864, 0.607425, 0.214457, 5.252294, 0.500682, 0.083298, 0.490055, 0.402107, 0.157672, 1.562765, 0.349164, 1.980603, 0.040651, 3.511636, 0.355166, 0.390491, 0.492982, 4.879175, 4.926210, 0.440794, 0.213562, 0.686448, 2.613877, 0.320514, 1.869843, 1.240070, 2.180013, 0.537455, 0.396800, 0.428981, 0.152070, 1.880079, 0.331237, 0.375031, 0.851421, 0.475179, 0.483741, 1.224779, 1.197339, 0.085788, 0.999016, 0.103457, 1.971089, 0.355040, 0.524653, 0.330344, 1.593937, 1.870801, 0.409493, 1.999626, 0.907142, 0.500214
347.303436, 0.094562, 0.212844, 0.466051, 1.522506, 0.329712, 0.336727, 0.123720, 0.306864, 0.607425, 0.056335, 5.301564, 0.500682, 0.083298, 0.478857, 0.422506, 0.157672, 1.562472, 0.358184, 1.855605, 0.100091, 3.749129, 0.330130, 0.302364, 0.494027, 4.951403, 4.023111, 0.435355, 0.132620, 0.686448, 2.767012, 0.320514, 1.869775, 1.240065, 2.180026, 0.537455, 0.396576, 0.444169, 0.152070, 1.979752, 0.341387, 0.406886, 0.916165, 0.475621, 0.599162, 0.342483, 1.274872, 0.038419, 0.677952, 0.098432, 1.971089, 0.364391, 0.524653, 0.330344, 1.593937, 1.870919, 0.409493, 1.806145, 1.082396, 0.509451
352.335541, 0.094562, 0.203850, 0.399014, 1.436764, 0.259412, 0.291893, 0.123720, 0.260341, 0.607425, 0.017743, 5.301564, 0.512676, 0.083298, 0.503717, 0.448779, 0.157672, 1.995465, 0.375516, 2.194140, 0.106042, 3.749129, 0.268791, 0.302364, 0.494027, 5.025035, 2.621106, 0.435355, 0.107274, 0.688949, 2.478867, 0.320514, 1.917518, 1.044042, 2.204726, 0.436041, 0.313593, 0.446528, 0.152070, 1.979742, 0.283176, 0.317854, 0.939856, 0.475621, 0.599162, 0.321926, 1.274872, 0.025617, 0.678608, 0.046355, 2.077784, 0.227372, 0.524653, 0.330277, 1.593937, 2.030487, 0.409493, 1.726285, 1.409526, 0.408766
357.367645, 0.094562, 0.176041, 0.400009, 2.008135, 0.244764, 0.294189, 0.123719, 0.245359, 0.428619, 0.017834, 5.301564, 0.490207, 0.083298, 0.473873, 0.444709, 0.157672, 2.424484, 0.374451, 2.224010, 0.106053, 3.648107, 0.265861, 0.302364, 0.494027, 5.025035, 2.898657, 0.435355, 0.107274, 0.688949, 1.965961, 0.320514, 1.928961, 1.165584, 2.205179, 0.263382, 0.313593, 0.449879, 0.152070, 1.826406, 0.250066, 0.317854, 0.939856, 0.475621, 0.599162, 0.321926, 1.677244, 0.025576, 0.763972, 0.046355, 2.062633, 0.227372, 0.526157, 0.315447, 1.584214, 2.018630, 0.409493, 1.856768, 1.310610, 0.396435
362.399750, 0.094562, 0.175835, 0.400009, 2.566500, 0.244770, 0.294192, 0.123719, 0.220199, 0.428619, 0.017834, 5.238812, 0.490207, 0.083298, 0.490046, 0.454841, 0.157672, 2.369624, 0.374452, 2.362854, 0.133488, 3.585250, 0.265861, 0.302364, 0.577480, 4.976286, 3.087889, 0.435355, 0.107274, 0.688949, 1.965961, 0.303681, 2.316857, 1.165584, 2.010544, 0.262578, 0.267144, 0.449879, 0.152070, 1.955837, 0.250066, 0.317854, 1.163172, 0.459214, 0.599162, 0.321926, 1.695192, 0.025576, 0.763972, 0.003243, 2.065455, 0.227372, 0.526157, 0.315447, 1.584214, 2.028497, 0.409493, 2.224903, 1.310610, 0.396434
367.431854, 0.094562, 0.133042, 0.400009, 2.534666, 0.225631, 0.255400, 0.123719, 0.220199, 0.428619, 0.017834, 5.221290, 0.490207, 0.083298, 0.262886, 0.454841, 0.157432, 2.421532, 0.374977, 2.410776, 0.133488, 3.585250, 0.265861, 0.302364, 0.579766, 5.179035, 3.050343, 0.435355, 0.107274, 0.689577, 2.017024, 0.303563, 2.316906, 0.916015, 1.528938, 0.211256, 0.278372, 0.449879, 0.152070, 1.968851, 0.250138, 0.317854, 2.659504, 0.463697, 0.599225, 0.321926, 1.695192, 0.029113, 0.763972, 0.003243, 2.065455, 0.227372, 0.526157, 0.315447, 1.617980, 2.028182, 0.409493, 3.360638, 1.310610, 0.364113
372.463959, 0.094562, 0.121994, 0.402486, 2.518467, 0.166592, 0.187137, 0.123719, 0.220199, 0.428619, 0.024996, 5.255606, 0.490207, 0.083298, 0.153985, 0.416826, 0.157432, 2.753559, 0.157114, 2.998391, 0.131158, 3.585250, 0.265861, 0.278055, 0.537058, 5.092039, 2.908550, 0.435355, 0.012301, 0.689577, 2.017181, 0.303563, 2.279270, 1.682236, 1.946367, 0.150287, 0.283202, 0.330289, 0.152070, 1.875682, 0.250533, 0.323695, 2.609520, 0.345431, 0.625873, 0.192358, 1.706614, 0.064329, 0.763972, 0.011194, 2.065455, 0.086401, 0.526157, 0.164687, 1.617980, 1.783713, 0.409877, 3.822239, 1.282510, 0.304850
377.496063, 0.094562, 0.121994, 0.409027, 2.518467, 0.166592, 0.187137, 0.123719, 0.220199, 0.428619, 0.031788, 4.454193, 0.312787, 0.083298, 0.175424, 0.456335, 0.152252, 2.753559, 0.117048, 2.995451, 0.137155, 3.585250, 0.205432, 0.278055, 0.391261, 5.057860, 2.478287, 0.435355, 0.023593, 0.405433, 2.113218, 0.177462, 2.214152, 3.339473, 2.247827, 0.150287, 0.208524, 0.332529, 0.152070, 1.874792, 0.250533, 0.343082, 2.668184, 0.278016, 0.625873, 0.193616, 1.664427, 0.080545, 2.128598, 0.105877, 2.065455, 0.058406, 0.526157, 0.164687, 1.617980, 1.783713, 0.469930, 3.754610, 1.327222, 0.304850
382.528168, 0.094562, 0.121994, 0.409669, 2.518467, 0.166948, 0.187137, 0.123719, 0.217487, 0.428619, 0.033337, 4.892918, 0.327477, 0.083298, 0.175449, 0.714153, 0.110807, 2.753559, 0.124341, 2.995451, 0.137155, 3.585250, 0.205432, 0.278055, 0.303309, 4.949107, 2.478287, 0.435355, 0.023593, 0.428040, 2.524592, 0.110529, 2.214152, 2.516822, 2.245978, 0.150287, 0.208499, 0.331458, 0.152070, 1.874792, 0.250763, 0.343082, 2.709808, 0.279035, 0.625873, 0.193711, 1.664427, 0.080545, 1.982304, 0.105877, 2.065455, 0.058406, 0.526157, 0.164687, 1.617980, 1.783713, 0.469960, 3.754610, 1.624582, 0.305276
387.560272, 0.094562, 0.121994, 0.411217, 2.518467, 0.170755, 0.187137, 0.123719, 0.217487, 0.428619, 0.068132, 5.374098, 0.361205, 0.083298, 0.176698, 0.714164, 0.110807, 2.753559, 0.118102, 2.995451, 0.207898, 3.585250, 0.205432, 0.272682, 0.251145, 4.797328, 2.478287, 0.470603, 0.082731, 0.441570, 2.787388, 0.110529, 2.214152, 2.598346, 2.276306, 0.150287, 0.211180, 0.332520, 0.152070, 2.483685, 0.252223, 0.319274, 2.602642, 0.283715, 0.716391, 0.127523, 1.664427, 0.085932, 1.774264, 0.141906, 2.085507, 0.036450, 0.526157, 0.164687, 1.617980, 1.783713, 0.469960, 3.740320, 1.379755, 0.308880
392.592377, 0.094562, 0.101023, 0.392312, 2.518467, 0.122398, 0.195366, 0.123719, 0.217479, 0.428619, 0.054670, 5.614081, 0.373036, 0.083298, 0.217399, 0.732035, 0.110807, 2.753559, 0.129080, 2.995451, 0.248439, 2.687327, 0.205432, 0.272682, 0.251145, 4.792209, 2.478287, 0.516978, 0.079824, 0.441570, 2.022189, 0.110529, 2.214152, 2.883053, 2.204826, 0.086466, 0.056119, 0.338330, 0.152070, 2.546620, 0.251186, 0.319280, 2.209072, 0.283715, 0.743535, 0.120762, 2.282633, 0.083667, 1.771903, 0.152003, 2.085507, 0.034715, 0.526157, 0.134375, 1.617980, 1.727838, 0.469960, 3.740320, 1.167305, 0.265244
397.624481, 0.094562, 0.098020, 0.401473, 2.330665, 0.143636, 0.193306, 0.123719, 0.208672, 0.428619, 0.058839, 5.512873, 0.382972, 0.083298, 0.264828, 0.732035, 0.110807, 2.753559, 0.134451, 2.595104, 0.211685, 0.741566, 0.192200, 0.223867, 0.264806, 4.836280, 2.377181, 0.517002, 0.081094, 0.469050, 2.022189, 0.108283, 1.823433, 4.991712, 2.204826, 0.087791, 0.044595, 0.273167, 0.152070, 2.303583, 0.261067, 0.319288, 2.420976, 0.285700, 0.877012, 0.127288, 2.292859, 0.087900, 1.733260, 0.118915, 2.136100, 0.036536, 0.255082, 0.134359, 1.617980, 1.744385, 0.377349, 3.740320, 1.194559, 0.288708
402.656586, 0.094562, 0.097803, 0.356824, 2.330665, 0.144343, 0.193303, 0.079903, 0.170131, 0.428619, 0.058878, 5.285547, 1.349989, 0.083298, 0.339257, 0.763918, 0.110807, 2.753559, 0.135158, 2.595104, 0.211685, 1.309012, 0.140665, 0.212413, 0.266150, 4.726030, 2.428634, 0.340284, 0.081066, 0.379446, 2.022189, 0.108283, 1.823430, 5.291458, 1.599894, 0.087914, 0.052234, 0.273719, 0.152070, 2.323340, 0.256119, 0.319288, 2.420976, 0.285465, 1.288545, 0.126991, 2.292869, 0.095018, 1.730201, 0.118915, 2.180645, 0.036526, 0.204346, 0.087241, 1.617980, 1.744385, 0.403243, 3.740320, 1.194559, 0.272915
407.688690, 0.094562, 0.035454, 0.384526, 2.568820, 0.065013, 0.090369, 0.072410, 0.150040, 0.428619, 0.076999, 5.285547, 1.966341, 0.083298, 0.649206, 0.777110, 0.115919, 2.615122, 0.130660, 2.642640, 0.260882, 2.512384, 0.093696, 0.212413, 0.284520, 4.705646, 1.797511, 0.356740, 0.076936, 0.419337, 2.442204, 0.059463, 3.290009, 5.272263, 1.578907, 0.052226, 0.065986, 0.273719, 0.152070, 2.310422, 0.258953, 0.319410, 2.717660, 0.300637, 1.288545, 0.137903, 2.462134, 0.065511, 1.730201, 0.157744, 2.718229, 0.070699, 0.192318, 0.087241, 1.617980, 1.744385, 0.424437, 3.740320, 1.194559, 0.267754
412.720795, 0.094562, 0.035391, 0.358861, 2.391448, 0.065244, 0.088935, 0.067123, 0.149996, 0.428619, 0.076803, 5.285547, 1.719059, 0.083298, 0.463983, 0.777110, 0.115919, 2.641254, 0.138390, 1.873325, 0.264094, 2.259501, 0.079646, 0.212413, 0.237331, 4.705646, 1.851150, 0.354962, 0.032491, 0.637842, 2.572689, 0.059463, 4.983234, 5.285829, 1.613596, 0.052265, 0.081592, 0.254803, 0.152070, 2.283321, 0.223800, 0.312264, 2.719037, 0.189603, 1.288545, 0.135671, 2.383443, 0.093392, 1.730201, 0.158542, 2.738100, 0.066873, 0.187766, 0.087241, 1.617980, 1.648589, 1.478997, 4.315809, 1.194559, 0.267754
417.752899, 0.095432, 0.035391, 0.358967, 2.391448, 0.065244, 0.084756, 0.067118, 0.149996, 0.428619, 0.103495, 5.180896, 1.531639, 0.083298, 0.373286, 0.777110, 0.120892, 2.641254, 0.085937, 1.862558, 0.319443, 2.192747, 0.079290, 0.196747, 0.232492, 4.581758, 1.882102, 0.356117, 0.033224, 0.637842, 2.682630, 0.079802, 5.132204, 5.305356, 1.595111, 0.052265, 0.058303, 0.254804, 0.161775, 2.283321, 0.224426, 0.310895, 2.607032, 0.167157, 0.790957, 0.126347, 2.383443, 0.091770, 1.722343, 0.249598, 2.826711, 0.065064, 0.115806, 0.112321, 1.151245, 1.665415, 2.058639, 4.071640, 1.194559, 0.267833
422.785004, 0.098228, 0.022739, 0.358967, 2.391448, 0.065244, 0.072951, 0.063423, 0.149996, 0.365525, 0.111151, 5.037159, 1.273941, 0.083298, 0.431529, 0.490785, 0.120892, 2.641254, 0.085815, 1.884148, 0.254533, 2.192747, 0.083376, 0.196747, 0.227555, 4.477441, 1.902609, 0.347175, 0.090072, 0.611028, 2.697643, 0.088355, 5.238196, 5.302520, 1.595089, 0.065463, 0.046055, 0.254804, 0.170990, 2.331311, 0.224426, 0.334256, 1.974537, 0.169481, 0.790957, 0.089947, 2.383443, 0.091311, 1.721763, 0.200235, 3.811847, 0.080107, 0.027168, 0.112350, 1.149629, 0.952484, 2.074331, 4.059590, 1.389966, 0.267833
427.817108, 0.098228, 0.022739, 0.358967, 2.378286, 0.074021, 0.073012, 0.063423, 0.149996, 0.259275, 0.119671, 5.060614, 1.143978, 0.083298, 0.203253, 1.576173, 0.123128, 3.459764, 0.084889, 1.787402, 0.204312, 2.325360, 0.083376, 0.188396, 0.225819, 4.567647, 1.889483, 1.440509, 0.091283, 0.617079, 2.710223, 0.102461, 5.238196, 5.293311, 1.585000, 0.065826, 0.045021, 0.254804, 0.170990, 2.150120, 0.223424, 0.366775, 1.557686, 0.178062, 0.790957, 0.054852, 2.383443, 0.089981, 2.036344, 0.223628, 3.811847, 0.091998, 0.027168, 0.112350, 1.149629, 0.912233, 2.076701, 3.911794, 3.041258, 0.267833
432.849213, 0.098228, 0.022739, 0.433614, 2.378286, 0.125396, 0.073012, 0.044799, 0.149996, 0.191994, 0.119707, 5.060614, 1.669703, 0.083298, 0.203253, 1.576169, 0.123128, 3.459763, 0.099816, 1.788010, 0.204312, 2.427977, 0.082643, 0.188396, 0.225819, 4.567647, 1.889522, 2.155372, 0.096906, 0.734349, 2.707347, 0.102461, 5.238196, 5.348375, 1.583407, 0.065826, 0.050395, 0.270912, 0.130549, 2.073710, 0.117995, 0.366775, 1.578699, 0.178062, 0.790957, 0.056757, 1.748813, 0.072179, 1.944138, 0.223628, 3.811847, 0.098452, 0.027168, 0.112350, 1.182911, 0.941639, 2.076701, 3.911794, 3.770137, 0.390661
437.881317, 0.098228, 0.014269, 0.433625, 2.378286, 0.123262, 0.024680, 0.044799, 0.149996, 0.192391, 0.119707, 5.059261, 1.772354, 0.083298, 0.203253, 1.792507, 0.123128, 3.227553, 0.100029, 1.788010, 0.143715, 2.439374, 0.082643, 0.188396, 0.225823, 4.577380, 1.889522, 2.155345, 0.098985, 0.734349, 2.697953, 0.102461, 5.238195, 5.131474, 1.583407, 0.065826, 0.050383, 0.272954, 0.130860, 2.002225, 0.115097, 0.366775, 2.467212, 0.178059, 0.790957, 0.056174, 1.748813, 0.071731, 2.402197, 0.241472, 3.811847, 0.098651, 0.027168, 0.112350, 1.182911, 0.941639, 2.076701, 3.911794, 3.901183, 0.391703
442.913422, 0.098228, 0.014271, 0.433900, 2.406167, 0.045355, 0.024681, 0.044799, 0.149996, 0.192509, 0.127942, 5.018053, 2.014416, 0.083298, 0.203253, 1.792503, 0.123599, 3.249337, 0.101289, 1.709161, 0.121543, 2.634597, 0.082643, 0.188396, 0.241693, 4.559580, 1.869604, 2.155345, 0.084940, 0.759417, 2.697953, 0.072925, 5.238195, 5.099803, 1.583407, 0.065826, 0.049801, 0.286288, 0.130989, 2.037864, 0.124071, 0.366775, 2.473996, 0.175237, 0.607403, 0.023811, 1.692694, 0.066925, 2.338549, 0.265256, 3.785757, 0.100838, 0.027168, 0.115337, 1.182911, 0.941639, 2.023410, 3.911794, 3.907115, 0.269902
447.945526, 0.098228, 0.020499, 0.148740, 2.405699, 0.107932, 0.024681, 0.044799, 0.149996, 0.191023, 0.127951, 5.018053, 1.669430, 0.083298, 0.203253, 1.885234, 0.120493, 3.250230, 0.070615, 1.897574, 0.131229, 2.915424, 0.082643, 0.188396, 0.210756, 4.559580, 1.869487, 2.155345, 0.046686, 0.764651, 2.685292, 0.069052, 5.217851, 5.100787, 1.848106, 0.080054, 0.042199, 0.278271, 0.128154, 1.948403, 0.127123, 0.386967, 2.460580, 0.110622, 0.201611, 0.050840, 2.325065, 0.075708, 2.553969, 0.203252, 4.102206, 0.100317, 0.027168, 0.115337, 1.182911, 0.941639, 2.023407, 3.911794, 3.907115, 0.286942
452.977631, 0.098228, 0.044549, 0.100649, 2.801080, 0.112816, 0.077242, 0.044799, 0.149996, 0.191403, 0.132570, 4.977703, 1.726937, 0.083298, 0.203253, 3.006041, 0.120491, 3.250230, 0.042804, 1.897569, 0.134879, 2.915471, 0.082643, 0.188396, 0.210765, 4.555563, 1.869600, 2.155345, 0.068061, 0.700103, 2.685292, 0.083143, 5.217851, 5.100787, 1.848114, 0.060317, 0.044318, 0.429293, 0.128573, 1.952888, 0.114624, 0.391836, 2.533489, 0.110639, 0.216884, 0.065128, 1.092794, 0.067221, 2.500569, 0.200751, 4.102206, 0.078188, 0.027168, 0.108252, 0.148555, 1.679813, 1.889775, 3.911794, 3.907115, 0.304631
458.009735, 0.098228, 0.044405, 0.177602, 4.452521, 0.093863, 0.077227, 0.044799, 0.149996, 0.207855, 0.121340, 4.977736, 1.742029, 0.083298, 0.203253, 4.776671, 0.110300, 3.298847, 0.063139, 1.897569, 0.248650, 3.703635, 0.082643, 0.188396, 0.210948, 4.489823, 1.870988, 2.121021, 0.047788, 1.506358, 2.712815, 0.083555, 5.483434, 4.903552, 1.697259, 0.060439, 0.019231, 0.952848, 0.146004, 1.953038, 0.085985, 0.330178, 2.413557, 0.110946, 0.217304, 0.032462, 0.865418, 0.089775, 1.262810, 0.301825, 4.353031, 0.070084, 0.027168, 0.108252, 0.146798, 1.679813, 2.002563, 3.911794, 3.907115, 0.206676
463.041840, 0.098228, 0.044401, 0.177653, 4.602446, 0.092685, 0.077241, 0.044799, 0.149996, 0.207855, 0.082086, 4.881940, 1.633305, 0.083298, 0.198599, 5.133682, 0.110300, 3.280391, 0.065526, 1.866089, 0.254292, 4.487851, 0.082643, 0.188396, 0.210948, 4.479339, 1.801720, 1.834794, 0.030080, 1.929842, 2.712815, 0.083555, 5.514078, 4.919204, 1.697258, 0.060439, 0.019231, 0.441588, 0.146004, 1.508441, 0.083443, 0.196736, 2.413557, 0.110947, 0.217474, 0.032462, 0.871498, 0.088937, 1.477669, 0.304195, 4.650437, 0.079301, 0.027168, 0.108252, 0.146798, 1.694291, 2.082222, 3.911794, 3.907115, 0.207185
468.073944, 0.074875, 0.037309, 0.187108, 5.073339, 0.021405, 0.070022, 0.044799, 0.091962, 0.212243, 0.094264, 4.881940, 2.661230, 0.083298, 0.198599, 5.184939, 0.094249, 1.845698, 0.059147, 1.884298, 0.067351, 4.828016, 0.059810, 0.188396, 0.318934, 4.479339, 1.870881, 1.834794, 0.051887, 1.592843, 2.712815, 0.087402, 5.514078, 5.040833, 1.697258, 0.061417, 0.016451, 0.029910, 0.149951, 2.260244, 0.081711, 0.203923, 2.413557, 0.421485, 0.217747, 0.023463, 0.844273, 0.080025, 1.617896, 0.294629, 3.335347, 0.068482, 0.027168, 0.108252, 0.144843, 1.694291, 1.817199, 3.911794, 3.907115, 0.175152
473.106049, 0.074875, 0.071319, 0.089328, 5.088822, 0.039811, 0.027354, 0.032774, 0.080284, 0.213332, 0.096812, 4.884973, 3.245082, 0.083298, 0.062214, 5.119302, 0.055099, 0.757394, 0.056296, 1.884298, 0.078125, 4.671077, 0.069270, 0.188963, 0.319035, 4.480271, 1.870865, 2.157595, 0.025362, 2.037660, 2.706987, 0.074479, 5.514078, 4.985888, 1.701413, 0.072481, 0.011411, 0.084811, 0.150826, 3.964591, 0.047879, 0.331887, 2.341513, 1.818969, 0.236511, 0.084160, 1.717649, 0.021745, 1.617896, 0.294629, 2.782318, 0.074628, 0.027168, 0.108252, 0.090272, 1.897429, 1.538889, 4.016264, 4.062503, 0.043940
478.138153, 0.074875, 0.033901, 0.069411, 3.570686, 0.083938, 0.091254, 0.032774, 0.081101, 0.220642, 0.116187, 4.855341, 3.191184, 0.083298, 0.060011, 5.086900, 0.055099, 2.469229, 0.061713, 1.942985, 0.222573, 4.377075, 0.068713, 0.188963, 0.319035, 4.445799, 1.907004, 2.113580, 0.025638, 1.369517, 2.704195, 0.074479, 5.514078, 4.770479, 1.701413, 0.073829, 0.013201, 0.085213, 0.146849, 5.385606, 0.052916, 0.331698, 2.351910, 1.775693, 0.244966, 0.065533, 1.776102, 0.068053, 1.536184, 0.314206, 2.543676, 0.068759, 0.027168, 0.108252, 0.074963, 1.897233, 1.651080, 4.020093, 4.003980, 0.048090
483.170258, 0.074875, 0.035633, 0.075749, 1.313253, 0.019458, 0.093701, 0.032774, 0.081354, 0.139794, 0.170191, 4.888968, 3.191184, 0.083298, 0.060011, 5.086900, 0.045752, 2.270584, 0.078467, 1.942985, 0.315759, 4.377075, 0.068713, 0.060234, 0.319035, 4.570385, 1.883618, 2.053486, 0.025638, 2.066716, 2.624532, 0.071227, 5.514078, 4.760499, 1.701413, 0.073829, 0.014943, 0.085406, 0.140585, 5.385441, 0.112810, 0.331695, 2.263119, 1.775693, 0.940694, 0.066226, 2.234633, 0.061103, 1.536184, 1.243008, 1.630944, 0.068732, 0.027168, 0.108252, 0.075892, 1.892324, 1.717696, 4.020093, 4.135829, 0.085983
488.202362, 0.074875, 0.030706, 0.078915, 0.095091, 0.024586, 0.070648, 0.032774, 0.082509, 0.119608, 0.170191, 4.781983, 3.455508, 0.083298, 0.060558, 5.198029, 0.045752, 2.410994, 0.069927, 1.942985, 0.319073, 4.322850, 0.068713, 0.060262, 0.319035, 4.980802, 1.883618, 2.050118, 0.025638, 3.942879, 2.619033, 0.071270, 5.593543, 4.820385, 1.733140, 0.073620, 0.015115, 0.094686, 0.119787, 5.385434, 0.087648, 0.331695, 2.257783, 1.921760, 0.444822, 0.066226, 2.234633, 0.072654, 3.132241, 0.698741, 1.614379, 0.068732, 0.027168, 0.092871, 0.045986, 1.891379, 1.746386, 4.020093, 4.135829, 0.228065
493.234467, 0.078703, 0.062282, 0.078589, 0.100038, 0.044723, 0.099969, 0.032774, 0.082509, 0.069658, 0.103132, 4.732168, 3.455508, 0.083298, 0.073606, 5.058023, 0.036152, 2.476089, 0.069008, 1.957157, 0.441503, 4.322850, 0.062819, 0.060097, 0.343251, 4.980790, 1.885337, 2.031701, 0.034925, 4.490057, 2.609806, 0.078938, 5.593543, 5.154632, 2.067161, 0.072565, 0.044494, 0.096595, 0.083309, 5.385434, 0.080266, 0.346492, 2.233212, 3.244256, 0.637817, 0.049054, 2.151025, 0.077513, 4.959694, 1.766923, 1.614379, 0.041571, 0.063503, 0.092871, 0.064797, 1.891379, 1.741581, 4.020093, 3.910482, 0.685516
498.266571, 0.078815, 0.070225, 0.065518, 0.100038, 0.049449, 0.069027, 0.052354, 0.082509, 0.069658, 0.045825, 4.506024, 3.455508, 0.083298, 0.090851, 5.058023, 0.030084, 2.476089, 0.010211, 1.892660, 1.616798, 4.184386, 0.070112, 0.060129, 0.343261, 4.900616, 1.880624, 2.029613, 0.054201, 4.461211, 2.609452, 0.064435, 5.593543, 4.981581, 2.219083, 0.069716, 0.044494, 0.096677, 0.085193, 5.385434, 0.090171, 0.346547, 2.232323, 4.928782, 0.637817, 0.070590, 2.143513, 0.076042, 4.245468, 0.422084, 1.614379, 0.025348, 0.063477, 0.089462, 0.066534, 1.891379, 1.741581, 4.000480, 3.963594, 0.069820
503.298676, 0.078815, 0.070178, 0.060193, 0.100038, 0.074892, 0.048095, 0.041383, 0.082509, 0.069658, 0.045825, 3.820478, 3.455508, 0.058940, 0.096252, 4.311956, 0.033588, 2.476089, 0.005627, 1.929126, 2.117486, 4.010703, 0.064129, 0.060129, 0.343261, 4.999134, 1.876105, 2.095052, 0.052696, 4.386022, 2.650675, 0.082939, 5.612453, 4.211572, 1.856380, 0.047549, 0.047014, 0.096677, 0.085536, 5.598008, 0.053403, 0.346547, 2.318664, 5.266603, 0.637817, 0.070590, 2.143513, 0.076072, 3.598689, 0.028828, 1.614379, 0.025348, 0.063477, 0.089462, 0.065103, 1.882807, 1.741581, 3.688881, 3.836915, 0.064467
508.330780, 0.078815, 0.070004, 0.075689, 0.099516, 0.020995, 0.055987, 0.041383, 0.081154, 0.065704, 0.046137, 3.860512, 3.291188, 0.058943, 0.102681, 3.858781, 0.026026, 2.617522, 0.074345, 1.948227, 3.627855, 3.539473, 0.064137, 0.060135, 0.343261, 5.238324, 1.923866, 1.982560, 0.040574, 4.386022, 2.593331, 0.029894, 5.508990, 3.700910, 0.746675, 0.045761, 0.066508, 0.096678, 0.060310, 4.908504, 0.076522, 0.353184, 2.138745, 5.266603, 0.637817, 0.069455, 2.299855, 0.080332, 3.598689, 0.028828, 1.546444, 0.014907, 0.063477, 0.051004, 0.092385, 1.754115, 1.846915, 3.845761, 3.713509, 0.075795
513.362915, 0.078815, 0.071052, 0.075689, 0.098851, 0.020995, 0.057864, 0.041732, 0.113394, 0.046802, 0.052420, 3.860513, 3.291188, 0.058943, 0.102669, 3.858205, 0.024125, 2.548054, 0.074344, 2.811811, 4.260989, 3.134846, 0.067902, 0.060135, 0.343261, 3.541938, 2.088797, 1.982560, 0.061964, 4.047184, 2.562516, 0.029921, 5.549631, 3.778768, 1.856699, 0.045379, 0.025398, 0.031832, 0.042994, 4.955709, 0.076522, 0.353214, 2.125909, 5.266603, 0.369495, 0.061208, 2.299855, 0.079743, 3.598689, 0.028934, 1.544260, 0.016132, 0.063477, 0.058003, 0.088723, 2.604310, 1.851174, 4.107211, 3.734181, 0.076266
518.395020, 0.078815, 0.071052, 0.075689, 0.098851, 0.024465, 0.057864, 0.041732, 0.091953, 0.046802, 0.059973, 3.851396, 3.236758, 0.058943, 0.102669, 3.858205, 0.012106, 2.523405, 0.074064, 3.231138, 3.733941, 3.040504, 0.067902, 0.060145, 0.343261, 1.504170, 2.036903, 1.982560, 0.066339, 3.223066, 2.562516, 0.028463, 5.053935, 3.646851, 2.155261, 0.045379, 0.025398, 0.053798, 0.042994, 4.944922, 0.076522, 0.365106, 2.125909, 5.266603, 0.369494, 0.032598, 2.269666, 0.084345, 3.598689, 0.028934, 1.336077, 0.056656, 0.063477, 0.069407, 0.088723, 3.204008, 1.852760, 3.970363, 2.936543, 0.106558
523.427124, 0.078815, 0.071052, 0.075689, 0.098851, 0.024465, 0.057864, 0.041732, 0.091953, 0.046802, 0.059973, 3.882359, 3.245124, 0.058943, 0.102669, 3.846766, 0.012106, 2.592475, 0.074266, 3.127603, 3.748358, 2.512220, 0.067902, 0.060145, 0.343261, 0.658070, 2.036903, 1.986426, 0.066484, 2.636660, 2.607046, 0.028463, 5.115969, 3.646851, 2.225223, 0.045379, 0.025398, 0.053798, 0.042994, 4.889252, 0.076522, 0.349620, 2.618570, 5.253063, 0.369494, 0.032598, 2.299629, 0.084323, 3.455958, 0.028934, 1.336077, 0.063736, 0.063477, 0.069407, 0.088723, 4.295313, 1.864403, 4.171542, 1.118321, 0.106558
528.459229, 0.078815, 0.071337, 0.064015, 0.098851, 0.032238, 0.057114, 0.041732, 0.076673, 0.046802, 0.059973, 3.882359, 3.101067, 0.058943, 0.103117, 3.846766, 0.007965, 2.663596, 0.065574, 2.911200, 3.748358, 2.076783, 0.067902, 0.038058, 0.343261, 1.514811, 2.088000, 2.014982, 0.066485, 2.045851, 2.634359, 0.075777, 5.089288, 3.646851, 2.356495, 0.045379, 0.025398, 0.044207, 0.042994, 5.048538, 0.070953, 0.349620, 2.723151, 5.523938, 0.369494, 0.032598, 2.063192, 0.083960, 3.455958, 0.028934, 1.463444, 0.063743, 0.063477, 0.065301, 0.088690, 4.311315, 1.829273, 4.171562, 0.057639, 0.106558
533.491333, 0.060811, 0.071472, 0.064079, 0.098786, 0.032243, 0.056541, 0.040631, 0.046029, 0.065137, 0.059973, 3.882359, 2.892876, 0.058943, 0.103117, 3.846766, 0.044152, 2.694912, 0.027039, 3.265273, 3.748358, 2.898211, 0.046403, 0.037571, 0.343261, 1.815664, 2.088000, 1.974776, 0.085689, 1.906051, 2.574264, 0.075916, 5.084489, 3.646851, 2.727292, 0.044768, 0.014464, 0.051728, 0.057794, 4.934890, 0.070954, 0.349620, 2.755618, 5.076118, 0.061431, 0.032598, 1.859429, 0.077412, 3.455958, 0.029798, 2.304281, 0.062808, 0.063477, 0.050177, 0.086748, 4.311315, 1.793640, 4.171562, 0.051746, 0.109643
538.523438, 0.060811, 0.071475, 0.090050, 0.098786, 0.054404, 0.056535, 0.033775, 0.031965, 0.065903, 0.059973, 3.720351, 2.802759, 0.058943, 0.103117, 3.846766, 0.026500, 2.673602, 0.025794, 3.265146, 3.191386, 4.759098, 0.046403, 0.036343, 0.343261, 1.905607, 0.636122, 1.848730, 0.085689, 1.683772, 2.528517, 0.077104, 5.084832, 3.646851, 2.727291, 0.044768, 0.014464, 0.052875, 0.057947, 4.935408, 0.020175, 0.349620, 2.744769, 4.937587, 0.061431, 0.032598, 1.859429, 0.070524, 3.550695, 0.033502, 2.341016, 0.062808, 0.043286, 0.043592, 0.086735, 4.101234, 1.765151, 4.140477, 0.036823, 0.140586
543.555542, 0.043964, 0.071475, 0.090439, 0.098786, 0.054404, 0.056535, 0.032993, 0.031874, 0.065980, 0.022611, 3.972746, 2.774971, 0.058943, 0.103117, 4.076741, 0.026500, 2.639900, 0.025837, 3.423954, 2.676984, 5.406022, 0.046403, 0.036343, 0.343261, 2.276196, 0.054939, 1.817241, 0.073010, 1.884283, 2.529616, 0.077104, 5.084832, 3.646851, 2.723877, 0.044768, 0.016892, 0.052902, 0.057958, 4.935408, 0.020294, 0.069795, 2.745656, 4.937585, 0.061431, 0.071213, 1.895056, 0.070777, 3.550695, 0.031425, 2.624022, 0.070722, 0.043286, 0.043592, 0.086735, 3.959305, 1.943934, 2.891834, 0.036823, 0.140586
548.587646, 0.051769, 0.071475, 0.109318, 0.098786, 0.062390, 0.056535, 0.032951, 0.030445, 0.065991, 0.042519, 2.899631, 2.735943, 0.058943, 0.103117, 3.947075, 0.026451, 2.710090, 0.032062, 4.079034, 1.959395, 5.033998, 0.046403, 0.036343, 0.623039, 2.276196, 0.078126, 1.817241, 0.045747, 3.269868, 2.703336, 0.077104, 5.084832, 4.180910, 2.720126, 0.044768, 0.017048, 0.061025, 0.057960, 4.935408, 0.036485, 0.085474, 2.614093, 4.937585, 0.061431, 0.068104, 1.895056, 0.068027, 3.455878, 0.031349, 2.695037, 0.095821, 0.050650, 0.040219, 0.086735, 4.177703, 2.265910, 0.825225, 0.036820, 0.150935
553.619751, 0.051547, 0.038756, 0.117101, 0.103309, 0.052442, 0.036634, 0.034599, 0.011270, 0.066301, 0.137384, 2.899624, 2.735895, 0.063122, 0.090393, 1.834982, 0.015313, 2.728115, 0.066986, 4.079288, 0.461181, 5.029517, 0.046403, 0.035473, 0.023870, 2.191936, 0.058277, 1.817241, 0.038888, 3.400566, 2.703336, 0.078346, 5.084832, 2.840173, 2.698954, 0.015276, 0.019766, 0.030453, 0.048950, 4.935408, 0.046943, 0.086601, 2.178282, 5.107984, 0.061827, 0.053110, 1.895056, 0.080186, 3.455873, 0.031342, 2.387479, 0.095983, 0.081906, 0.044018, 0.068815, 4.177703, 2.255432, 0.063428, 0.035632, 0.151947
558.651855, 0.104499, 0.038510, 0.025949, 0.103361, 0.047323, 0.036661, 0.035159, 0.009626, 0.065799, 0.120296, 2.899624, 2.783959, 0.064126, 0.090382, 0.047583, 0.015313, 2.728115, 0.021335, 4.042577, 0.070758, 5.029517, 0.057126, 0.035025, 0.023817, 1.771649, 0.038656, 1.868419, 0.044654, 3.401608, 2.706837, 0.078752, 5.072670, 0.834777, 2.698954, 0.015276, 0.077684, 0.029899, 0.049715, 4.847465, 0.087504, 0.211754, 2.319545, 4.929885, 0.061877, 0.046120, 1.895056, 0.084627, 3.414410, 0.028184, 2.387479, 0.088980, 0.080976, 0.076006, 0.068738, 4.177703, 2.255432, 0.056663, 0.035632, 0.162834
563.683960, 0.099306, 0.038510, 0.072259, 0.103361, 0.064705, 0.036661, 0.035159, 0.010838, 0.065799, 0.080884, 2.899624, 2.783959, 0.064126, 0.090382, 0.048314, 0.013093, 2.728115, 0.080689, 4.156251, 0.070758, 5.029517, 0.057126, 0.031186, 0.023817, 1.993348, 0.066744, 2.483343, 0.040615, 4.390068, 2.722571, 0.078470, 3.423417, 0.787288, 2.695977, 0.015276, 0.077684, 0.046016, 0.049715, 4.843089, 0.060214, 0.211792, 2.275168, 4.909848, 0.061877, 0.098287, 1.902589, 0.072602, 3.570242, 0.028184, 2.387479, 0.091204, 0.080976, 0.075617, 0.068738, 4.160491, 2.255432, 0.055367, 0.036909, 0.190384
568.716064, 0.095484, 0.031568, 0.073170, 0.102334, 0.064705, 0.040830, 0.034750, 0.024302, 0.066746, 0.080891, 2.899624, 2.783959, 0.064130, 0.075006, 0.048573, 0.005148, 2.689372, 0.076264, 4.165950, 0.055655, 4.928548, 0.072366, 0.031186, 0.023073, 2.087362, 0.066718, 1.750917, 0.039545, 4.559817, 2.752266, 0.078532, 2.825131, 2.239316, 2.680163, 0.018962, 0.077684, 0.032759, 0.052986, 5.134280, 0.060539, 0.211801, 2.460814, 5.215124, 0.008724, 0.098353, 1.902589, 0.082901, 3.570242, 0.073945, 2.198658, 0.091204, 0.080976, 0.071286, 0.060379, 5.161021, 3.669097, 0.055249, 0.039544, 0.142101
573.748169, 0.096758, 0.030979, 0.073186, 0.101387, 0.064709, 0.038900, 0.035926, 0.037292, 0.066816, 0.080891, 3.301126, 2.805743, 0.099961, 0.075003, 0.080468, 0.074853, 2.619907, 0.076360, 3.728282, 0.119138, 4.863676, 0.072366, 0.031032, 0.022512, 2.086585, 0.066710, 1.604731, 0.035535, 4.559817, 2.744429, 0.086942, 0.752293, 2.081357, 2.703062, 0.019159, 0.077684, 0.034705, 0.053132, 5.396202, 0.060544, 0.212508, 2.428177, 5.215462, 0.008849, 0.098353, 1.930423, 0.082901, 3.570242, 0.073945, 2.155972, 0.091255, 0.089596, 0.051846, 0.060458, 5.161021, 5.238487, 0.066683, 0.039833, 0.142101
578.780273, 0.097973, 0.030636, 0.051272, 0.100812, 0.098251, 0.039180, 0.037599, 0.037292, 0.067944, 0.080891, 2.876580, 2.805743, 0.099961, 0.075003, 0.080497, 0.075028, 2.692129, 0.054062, 3.022855, 0.139670, 3.513480, 0.070019, 0.031032, 0.022473, 2.129290, 0.073087, 1.811287, 0.045663, 4.614900, 2.743119, 0.086942, 0.251002, 1.985276, 2.703062, 0.025242, 0.063464, 0.034841, 0.052018, 5.396202, 0.063387, 0.050721, 2.396471, 5.238954, 0.008852, 0.098353, 1.930423, 0.083057, 3.570242, 0.073949, 2.164799, 0.064765, 0.089571, 0.057736, 0.060460, 5.349326, 5.238203, 0.056471, 0.039833, 0.144806
583.812378, 0.099331, 0.030636, 0.049373, 0.100812, 0.096443, 0.039180, 0.037599, 0.043893, 0.067944, 0.184247, 2.770436, 2.805743, 0.099961, 0.075003, 0.080530, 0.077362, 2.629021, 0.049989, 1.785236, 0.139670, 3.893484, 0.070019, 0.031032, 0.022473, 2.246725, 0.091685, 2.895780, 0.052539, 4.342633, 2.743138, 0.086946, 0.251006, 1.985276, 2.703062, 0.025242, 0.063464, 0.057836, 0.052018, 5.333392, 0.037077, 0.050333, 2.395760, 5.235729, 0.008857, 0.098363, 1.930423, 0.044474, 3.943991, 0.073949, 1.812759, 0.041457, 0.089554, 0.057530, 0.060460, 5.395302, 5.183596, 0.058636, 0.039845, 0.092541
588.844482, 0.085142, 0.030636, 0.035568, 0.100812, 0.087658, 0.039180, 0.037600, 0.044188, 0.067944, 0.246565, 2.577455, 2.805743, 0.099961, 0.075003, 0.080530, 0.077568, 2.614125, 0.046118, 1.277112, 0.089431, 3.894502, 0.070445, 0.029163, 0.022473, 2.741344, 0.075876, 4.716327, 0.032043, 4.342632, 2.733455, 0.085072, 0.413925, 1.728619, 2.694241, 0.025242, 0.065612, 0.058328, 0.052018, 5.212678, 0.036994, 0.040843, 2.432471, 5.235729, 0.008857, 0.150419, 1.930423, 0.049454, 4.193196, 0.073950, 0.636719, 0.030969, 0.089554, 0.059467, 0.060460, 5.395302, 5.183596, 0.055331, 0.061807, 0.096578
593.876587, 0.088071, 0.026923, 0.054374, 0.088130, 0.187887, 0.069143, 0.044500, 0.045283, 0.069785, 0.039163, 2.701485, 2.805743, 0.099961, 0.063501, 0.080530, 0.080954, 2.652652, 0.046285, 2.151334, 0.089431, 3.686729, 0.070445, 0.028677, 0.021223, 2.708825, 0.092136, 5.000791, 0.048801, 4.342632, 2.733312, 0.082327, 0.862866, 1.741575, 2.402801, 0.058814, 0.029208, 0.060017, 0.050405, 5.212678, 0.043719, 0.046801, 2.432538, 5.235729, 0.008857, 0.195252, 1.930423, 0.053567, 4.668037, 0.073952, 0.630629, 0.042368, 0.089554, 0.053906, 0.060460, 5.395302, 5.257441, 0.063052, 0.114027, 0.097464
598.908691, 0.083912, 0.026663, 0.042469, 0.088150, 0.140076, 0.069143, 0.045106, 0.060473, 0.069978, 0.039163, 2.859518, 2.805743, 0.099961, 0.063486, 0.080530, 0.083682, 2.652652, 0.071044, 2.151375, 0.089431, 3.686729, 0.070445, 0.028677, 0.021210, 2.750449, 0.092136, 5.188169, 0.045755, 3.956578, 2.735465, 0.082327, 2.780701, 1.601555, 2.402801, 0.058802, 0.030290, 0.084989, 0.050300, 5.212678, 0.023276, 0.047868, 2.392879, 5.249440, 0.008857, 0.195252, 2.313670, 0.031841, 4.668439, 0.073952, 1.880218, 0.042368, 0.089554, 0.054506, 0.060460, 5.395769, 5.191670, 0.063166, 0.116815, 0.014614
603.940796, 0.084912, 0.047259, 0.038744, 0.084469, 0.148427, 0.030600, 0.046669, 0.064969, 0.070307, 0.047729, 2.756111, 4.069234, 0.099924, 0.060842, 0.034805, 0.083844, 2.692786, 0.079131, 2.151396, 0.089431, 3.874190, 0.069185, 0.027096, 0.070438, 2.742941, 0.095722, 5.290278, 0.045935, 3.809940, 2.747020, 0.082327, 4.081159, 1.485920, 2.402801, 0.065451, 0.076125, 0.085175, 0.051809, 5.205442, 0.017471, 0.047992, 2.313905, 5.362791, 0.057452, 0.532793, 2.140072, 0.038788, 5.053277, 0.074191, 1.884819, 0.047839, 0.083746, 0.054738, 0.060460, 5.323039, 5.177895, 0.065578, 0.119396, 0.025379
608.972900, 0.085554, 0.047172, 0.071263, 0.084469, 0.151111, 0.030600, 0.046352, 0.065162, 0.065827, 0.047729, 2.739960, 4.957585, 0.099924, 0.060864, 0.034827, 0.083845, 2.692786, 0.090599, 2.114956, 0.085394, 3.817182, 0.063079, 0.027051, 0.070438, 2.742941, 0.091510, 5.302079, 0.064550, 4.186727, 2.725978, 0.082327, 5.132324, 1.871385, 2.689652, 0.065470, 0.025307, 0.084976, 0.067299, 4.796165, 0.030721, 0.041544, 1.849535, 5.405798, 0.057452, 0.532793, 2.439218, 0.058071, 5.059933, 0.079561, 2.057133, 0.046234, 0.083746, 0.058710, 0.060460, 3.973798, 5.177895, 0.064501, 0.120570, 0.020491
614.005005, 0.098698, 0.041489, 0.092915, 0.063602, 0.162662, 0.034288, 0.048069, 0.067366, 0.061765, 0.047729, 2.723844, 4.996305, 0.099924, 0.069855, 0.034896, 0.074380, 2.691410, 0.078764, 2.207190, 0.087695, 3.817182, 0.060981, 0.026949, 0.070861, 2.729146, 0.086014, 5.397494, 0.062663, 4.186727, 2.723639, 0.081299, 5.133226, 1.857765, 2.682107, 0.076731, 0.024166, 0.069228, 0.068011, 4.600408, 0.053783, 0.032706, 1.903154, 5.592266, 0.057452, 0.532793, 2.439218, 0.068628, 5.060771, 0.079561, 2.057133, 0.053846, 0.083746, 0.064147, 0.060460, 2.026663, 5.135713, 0.041515, 0.123095, 0.017942
619.037109, 0.092789, 0.041487, 0.092915, 0.063594, 0.162788, 0.034268, 0.052242, 0.073952, 0.063107, 0.047729, 2.723844, 5.018886, 0.099921, 0.069855, 0.044599, 0.091103, 2.635544, 0.065726, 1.834334, 0.086798, 3.745687, 0.065438, 0.017444, 0.070861, 2.696536, 0.085836, 5.397487, 0.064099, 3.272535, 2.730362, 0.060649, 5.149425, 1.206857, 2.682107, 0.076730, 0.024260, 0.068593, 0.073568, 4.600408, 0.053783, 0.032706, 1.910065, 5.592266, 0.057452, 0.532793, 2.439218, 0.059006, 5.060771, 0.074797, 1.976004, 0.053846, 0.082585, 0.072071, 0.060460, 1.597017, 5.135713, 0.039423, 0.076019, 0.024913
624.069214, 0.083936, 0.038339, 0.076324, 0.063710, 0.186703, 0.036168, 0.052749, 0.078492, 0.063107, 0.009209, 2.723844, 5.018886, 0.099921, 0.070723, 0.044936, 0.067473, 2.655271, 0.063490, 1.770421, 0.086798, 4.409480, 0.069044, 0.016662, 0.071335, 2.696422, 0.085836, 5.380410, 0.093681, 1.106103, 2.723963, 0.059612, 5.149425, 0.070936, 2.682107, 0.075685, 0.024260, 0.078848, 0.074599, 3.560758, 0.017833, 0.032706, 1.736358, 5.592266, 0.057452, 0.532793, 1.820219, 0.072221, 5.422883, 0.074781, 1.665943, 0.053846, 0.082585, 0.065711, 0.057225, 0.907191, 5.134782, 0.049491, 0.080106, 0.060902
629.101318, 0.086115, 0.038190, 0.078266, 0.051227, 0.044905, 0.036296, 0.060083, 0.082767, 0.062218, 0.022797, 2.639153, 5.230333, 0.099880, 0.070921, 0.027803, 0.114742, 2.655271, 0.054738, 2.611947, 0.094872, 4.409480, 0.083939, 0.070792, 0.071354, 2.696422, 0.085836, 5.257327, 0.093882, 0.798941, 2.705893, 0.046982, 5.363594, 0.071023, 2.707693, 0.077638, 0.041981, 0.077063, 0.074543, 2.290268, 0.075511, 0.032706, 1.736358, 5.592266, 0.093095, 0.532793, 1.983839, 0.068774, 5.305231, 0.070018, 1.665943, 0.053846, 0.074522, 0.049704, 0.057225, 0.066356, 4.990607, 0.073743, 0.107887, 0.064778
634.133423, 0.086115, 0.038190, 0.078266, 0.051227, 0.044905, 0.036296, 0.060198, 0.082767, 0.062209, 0.022797, 2.688959, 5.326015, 0.099880, 0.070921, 0.027803, 0.114293, 2.661718, 0.054738, 2.611947, 0.094963, 4.409480, 0.084172, 0.070792, 0.071354, 2.696951, 0.085836, 5.257643, 0.093882, 0.798941, 2.718359, 0.046982, 5.458278, 0.071023, 2.707788, 0.077638, 0.042105, 0.077063, 0.074543, 2.892177, 0.075370, 0.032706, 1.779270, 5.592264, 0.093095, 0.532793, 2.746181, 0.068773, 5.305231, 0.069939, 1.716279, 0.053846, 0.074522, 0.049704, 0.057225, 0.066173, 4.766922, 0.073743, 0.038351, 0.064778
639.165527, 0.086115, 0.037964, 0.078266, 0.051265, 0.044905, 0.036361, 0.088264, 0.082767, 0.070379, 0.022797, 2.688959, 5.326015, 0.099880, 0.070838, 0.027803, 0.114154, 2.690073, 0.054738, 1.172267, 0.094963, 4.410288, 0.057954, 0.070792, 0.071822, 2.706202, 0.085836, 5.257643, 0.093882, 0.798941, 2.718359, 0.046982, 5.458278, 0.071023, 2.707788, 0.077150, 0.044660, 0.077063, 0.072950, 3.930304, 0.075370, 0.032706, 1.767643, 5.592264, 0.093091, 0.530422, 2.724147, 0.068773, 5.305231, 0.064867, 1.482312, 0.053846, 0.074522, 0.049704, 0.057178, 0.069204, 4.787589, 0.073743, 0.037772, 0.064778
644.197632, 0.086098, 0.066058, 0.078266, 0.065725, 0.044434, 0.029037, 0.088264, 0.054733, 0.070379, 0.022797, 2.688959, 5.251877, 0.099880, 0.068899, 0.027803, 0.095606, 2.694435, 0.054738, 1.146152, 0.094963, 4.417208, 0.057954, 0.071222, 0.074460, 2.706202, 0.085836, 5.301427, 0.093921, 0.798941, 2.605371, 0.032382, 5.404702, 0.071063, 2.707788, 0.066047, 0.044660, 0.071582, 0.072950, 4.056153, 0.075601, 0.032706, 1.695775, 5.536987, 0.087304, 0.434679, 2.883925, 0.065023, 5.354609, 0.065699, 1.434787, 0.053846, 0.074502, 0.049225, 0.045387, 0.069204, 5.042107, 0.073812, 0.037363, 0.068094
649.229736, 0.067105, 0.062793, 0.078266, 0.053726, 0.043434, 0.027257, 0.073243, 0.056945, 0.086817, 0.022797, 2.636129, 5.306724, 0.084624, 0.068758, 0.027803, 0.095964, 2.694521, 0.054541, 1.147632, 0.119659, 4.417208, 0.084019, 0.058888, 0.069710, 2.700566, 0.058922, 5.317256, 0.068914, 0.692689, 2.505967, 0.032913, 5.452246, 0.054337, 2.715097, 0.073003, 0.037229, 0.071582, 0.086918, 4.057754, 0.076559, 0.048038, 1.695775, 5.557336, 0.051307, 0.434679, 3.919600, 0.059546, 5.359660, 0.057334, 1.430114, 0.061905, 0.021283, 0.056815, 0.045387, 0.084968, 4.978876, 0.074560, 0.037363, 0.071001
654.261841, 0.052021, 0.059852, 0.078266, 0.053726, 0.039595, 0.023448, 0.050571, 0.090899, 0.088595, 0.004407, 2.629580, 5.306724, 0.084436, 0.070796, 0.027803, 0.106215, 2.694452, 0.092763, 1.243737, 0.629566, 4.825501, 0.094634, 0.058849, 0.065920, 2.700493, 0.063125, 5.280831, 0.057198, 0.692689, 2.505348, 0.032548, 5.452246, 0.058513, 2.697102, 0.055718, 0.089658, 0.078669, 0.091753, 4.057754, 0.077361, 0.087612, 2.122839, 5.557336, 0.050758, 0.434679, 4.412313, 0.063005, 5.406369, 0.055477, 1.276743, 0.050438, 0.021534, 0.067124, 0.045387, 0.080738, 4.936616, 0.094387, 0.038536, 0.062428
659.293945, 0.052021, 0.062541, 0.078266, 0.058153, 0.039595, 0.020780, 0.066395, 0.090899, 0.084311, 0.004407, 1.878475, 5.369874, 0.084436, 0.069627, 0.027803, 0.106215, 2.694177, 0.092763, 1.231040, 0.647439, 4.676659, 0.028347, 0.058849, 0.037685, 2.701656, 0.063125, 4.846685, 0.057198, 0.692689, 2.505348, 0.032548, 5.539418, 0.058513, 2.696103, 0.054330, 0.091163, 0.078669, 0.076815, 4.057754, 0.077361, 0.087662, 2.129831, 5.649364, 0.050758, 0.404796, 4.786019, 0.063005, 5.387879, 0.021466, 0.500253, 0.050438, 0.021534, 0.067124, 0.045355, 0.071980, 4.163450, 0.094387, 0.038536, 0.062428
664.326050, 0.053240, 0.065991, 0.078266, 0.073583, 0.039558, 0.016420, 0.027321, 0.092093, 0.064545, 0.002107, 2.136724, 5.368377, 0.080447, 0.037508, 0.027803, 0.106777, 2.713442, 0.097462, 1.231040, 0.647439, 5.326419, 0.081389, 0.058849, 0.040437, 2.737402, 0.066737, 4.511531, 0.057261, 0.692689, 2.397913, 0.031355, 5.569324, 0.059573, 2.706036, 0.041254, 0.007061, 0.070320, 0.107215, 4.126066, 0.077000, 0.087671, 2.464009, 5.598604, 0.050848, 0.404796, 4.700924, 0.063005, 5.348682, 0.021465, 0.672094, 0.050376, 0.024554, 0.061144, 0.035793, 0.387246, 4.102386, 0.051884, 0.038536, 0.062440
669.358154, 0.066481, 0.067199, 0.075930, 0.072876, 0.039558, 0.015363, 0.030531, 0.093684, 0.088032, 0.001249, 2.180161, 5.268692, 0.047110, 0.037482, 0.020108, 0.099767, 2.721705, 0.097612, 1.231040, 0.780999, 5.326419, 0.081389, 0.051517, 0.040431, 2.753090, 0.068529, 4.677636, 0.069643, 0.692689, 2.397913, 0.024037, 5.561919, 0.063454, 2.737854, 0.041233, 0.062458, 0.065507, 0.075965, 4.114791, 0.075843, 0.091737, 2.442674, 5.598573, 0.046171, 0.404796, 3.522827, 0.063005, 5.352031, 0.021296, 0.044195, 0.051719, 0.066524, 0.063349, 0.035714, 0.583487, 4.102386, 0.051972, 0.036806, 0.062584
674.390259, 0.066481, 0.058870, 0.075935, 0.078692, 0.039558, 0.015583, 0.066249, 0.079406, 0.079257, 0.057720, 2.279479, 5.295015, 0.047080, 0.039850, 0.020108, 0.099530, 2.727807, 0.097566, 2.328231, 0.780999, 5.350945, 0.075465, 0.051517, 0.041568, 2.726355, 0.072619, 4.506087, 0.069768, 0.692689, 2.397913, 0.024037, 5.561919, 0.063454, 2.744145, 0.037779, 0.103347, 0.074924, 0.044286, 2.537756, 0.075793, 0.091737, 2.412322, 5.582413, 0.046171, 0.439276, 2.180579, 0.063005, 5.296770, 0.021296, 0.044195, 0.048441, 0.066524, 0.061477, 0.034497, 0.583487, 4.102386, 0.056408, 0.036806, 0.062672
679.422363, 0.066481, 0.065666, 0.074127, 0.078523, 0.054298, 0.024817, 0.066974, 0.067552, 0.080204, 0.043458, 1.921406, 5.260870, 0.047080, 0.039535, 0.019579, 0.099866, 2.708761, 0.074559, 2.466941, 0.930512, 5.349838, 0.070220, 0.051489, 0.041568, 2.708447, 0.075325, 2.626825, 0.069761, 0.692689, 2.397913, 0.024055, 5.563434, 0.063454, 2.742215, 0.037680, 0.061349, 0.088836, 0.074136, 2.375520, 0.035837, 0.091737, 2.420096, 5.622686, 0.046171, 1.024727, 2.169454, 0.068972, 5.296770, 0.021296, 0.044528, 0.047259, 0.066524, 0.054044, 0.034497, 0.673369, 3.366284, 0.068437, 0.036806, 0.063051
684.454468, 0.066132, 0.066236, 0.059308, 0.073574, 0.093899, 0.033351, 0.069506, 0.067612, 0.079092, 0.018153, 1.890902, 5.260859, 0.047080, 0.028080, 0.019579, 0.099866, 2.714931, 0.073537, 2.317527, 0.930512, 5.349838, 0.071745, 0.051489, 0.042824, 2.694860, 0.076000, 0.313965, 0.069759, 0.692689, 2.397913, 0.024055, 5.555985, 0.063454, 2.742646, 0.035895, 0.061334, 0.088749, 0.071435, 2.375520, 0.042312, 0.091737, 2.420096, 5.630991, 0.046171, 0.041379, 2.169454, 0.066733, 5.296770, 0.021296, 0.044528, 0.047036, 0.066524, 0.055165, 0.025948, 0.709787, 3.366060, 0.068463, 0.036806, 0.062791
689.486572, 0.067887, 0.065592, 0.062267, 0.072984, 0.093074, 0.032788, 0.069510, 0.072474, 0.079099, 0.046186, 2.024181, 5.305404, 0.044550, 0.026822, 0.012935, 0.087578, 2.706575, 0.081913, 2.365230, 0.358398, 5.349838, 0.071381, 0.079154, 0.042874, 2.725521, 0.079713, 0.104578, 0.084307, 0.692689, 2.354190, 0.008224, 5.607043, 0.024368, 2.635761, 0.035972, 0.067977, 0.081892, 0.071433, 0.595827, 0.042312, 0.095026, 2.126656, 5.561262, 0.042114, 0.036731, 1.763028, 0.075234, 5.346317, 0.021296, 0.082431, 0.066968, 0.056645, 0.056519, 0.025941, 0.710275, 3.970730, 0.069136, 0.110583, 0.076402
694.518677, 0.061346, 0.065602, 0.035557, 0.072920, 0.067803, 0.033545, 0.079335, 0.041175, 0.070132, 0.050436, 2.024181, 5.298347, 0.044474, 0.026980, 0.012988, 0.091090, 2.577629, 0.074527, 1.370212, 0.081094, 5.349838, 0.071381, 0.079041, 0.042567, 2.725475, 0.067520, 0.104522, 0.083114, 0.692689, 2.158343, 0.008232, 5.549211, 0.024365, 2.503454, 0.035888, 0.070182, 0.102221, 0.077582, 0.100767, 0.101885, 0.102436, 2.020422, 5.503693, 0.042051, 0.040934, 2.721521, 0.081653, 5.344655, 0.015874, 0.082744, 0.071980, 0.056596, 0.058601, 0.024817, 0.710311, 4.238822, 0.074205, 0.110697, 0.097135
699.550781, 0.058630, 0.065526, 0.036361, 0.043952, 0.044157, 0.036677, 0.064376, 0.047909, 0.053181, 0.057707, 1.907095, 5.234533, 0.038186, 0.043134, 0.007654, 0.089559, 2.570857, 0.071826, 0.232355, 0.088775, 5.349838, 0.071381, 0.072205, 0.056162, 2.754715, 0.067936, 0.114380, 0.083114, 0.692689, 2.152018, 0.008701, 5.522200, 0.024365, 2.559807, 0.054839, 0.069416, 0.096490, 0.078829, 0.102050, 0.049906, 0.105270, 2.015235, 5.449145, 0.053526, 0.042332, 3.592903, 0.096171, 5.258417, 0.015874, 0.085424, 0.070737, 0.047963, 0.062054, 0.017784, 0.872477, 4.238822, 0.078627, 0.045794, 0.063565
704.582886, 0.057842, 0.071731, 0.048676, 0.043994, 0.041815, 0.060662, 0.061948, 0.051753, 0.053031, 0.057707, 1.907095, 5.313385, 0.039581, 0.040434, 0.007652, 0.104736, 2.714523, 0.072181, 1.661080, 0.083068, 5.382141, 0.071381, 0.072455, 0.051029, 2.754888, 0.067936, 0.114706, 0.083114, 0.692689, 2.133790, 0.005119, 5.546316, 0.024365, 2.580709, 0.057295, 0.061773, 0.082631, 0.077082, 0.106309, 0.051349, 0.105701, 2.004994, 5.272945, 0.053518, 0.045604, 4.762673, 0.101025, 5.298439, 0.015874, 0.085426, 0.070737, 0.047934, 0.063498, 0.016474, 0.882389, 4.496966, 0.057348, 0.044014, 0.069855
709.614990, 0.057842, 0.071717, 0.048683, 0.043994, 0.041815, 0.060662, 0.061977, 0.044425, 0.052516, 0.057707, 1.907095, 5.313385, 0.039581, 0.040569, 0.007652, 0.104278, 2.698004, 0.072262, 2.154284, 0.096090, 5.361951, 0.071381, 0.072500, 0.051024, 2.753232, 0.067126, 0.114777, 0.083114, 0.677715, 2.126426, 0.005320, 5.546316, 0.024365, 2.511464, 0.057295, 0.061526, 0.079337, 0.074008, 0.033503, 0.051349, 0.105844, 2.001617, 5.280859, 0.053477, 0.046856, 4.892006, 0.100475, 5.361849, 0.015874, 0.085430, 0.070615, 0.047879, 0.062256, 0.016473, 2.321305, 4.496872, 0.052535, 0.015837, 0.070002
714.647095, 0.056584, 0.062976, 0.048992, 0.049155, 0.021095, 0.069376, 0.046111, 0.059149, 0.076782, 0.098682, 1.907095, 5.301563, 0.049788, 0.100132, 0.002970, 0.092508, 2.513418, 0.018018, 1.869067, 0.096090, 5.379045, 0.071933, 0.071949, 0.060214, 2.668777, 0.073276, 0.115251, 0.066360, 1.550559, 2.034262, 0.010302, 5.507030, 0.064696, 2.511464, 0.077270, 0.064709, 0.080659, 0.083203, 0.033503, 0.047687, 0.076711, 1.925634, 5.268223, 0.051132, 0.048163, 4.709334, 0.095939, 5.295807, 0.020138, 0.085760, 0.084316, 0.047500, 0.108316, 0.028267, 2.321302, 4.496872, 0.088707, 0.010358, 0.071288
719.679199, 0.055296, 0.077269, 0.052510, 0.055620, 0.015810, 0.058531, 0.038229, 0.029141, 0.070618, 0.031524, 1.907095, 5.069023, 0.067024, 0.084009, 0.031577, 0.130590, 2.513418, 0.021384, 2.421405, 0.096090, 5.379046, 0.073641, 0.065269, 0.063867, 2.668777, 0.071564, 0.117321, 0.065615, 1.909684, 2.034257, 0.008121, 5.327876, 0.057556, 2.441348, 0.083124, 0.068788, 0.073717, 0.087006, 0.033503, 0.052784, 0.076711, 1.925629, 5.321144, 0.050908, 0.048574, 4.709334, 0.089297, 5.293574, 0.024210, 0.090194, 0.086323, 0.049944, 0.111215, 0.092092, 2.518420, 4.496872, 0.105654, 0.016846, 0.074760
724.711304, 0.055019, 0.075349, 0.052510, 0.055620, 0.017277, 0.055034, 0.041502, 0.064054, 0.074489, 0.013849, 1.907095, 4.606702, 0.067535, 0.084003, 0.031203, 0.077702, 2.515242, 0.021408, 3.262295, 0.087587, 5.379046, 0.073759, 0.091245, 0.063901, 2.684301, 0.070435, 0.063502, 0.055280, 2.010964, 2.135035, 0.043163, 4.342821, 0.062324, 2.441348, 0.083650, 0.082177, 0.076826, 0.090906, 0.048581, 0.052414, 0.093831, 2.071094, 5.335726, 0.051085, 0.061558, 4.709334, 0.085264, 5.244405, 0.024248, 0.091631, 0.103400, 0.047758, 0.078734, 0.093678, 2.674888, 4.405717, 0.034563, 0.034761, 0.075664
729.743408, 0.056573, 0.074748, 0.121412, 0.057477, 0.084112, 0.056440, 0.040531, 0.078080, 0.073739, 0.015269, 1.702708, 4.770611, 0.062083, 0.086188, 0.024021, 0.032101, 2.509552, 0.021788, 4.016421, 0.087587, 5.352553, 0.074410, 0.070009, 0.065903, 2.621567, 0.071555, 0.096810, 0.068854, 2.206143, 1.762317, 0.003615, 4.586149, 0.033641, 2.581121, 0.084429, 0.081400, 0.066632, 0.092222, 0.048581, 0.063650, 0.095185, 2.092969, 5.335726, 0.048792, 0.061716, 4.709334, 0.093937, 5.281368, 0.025145, 0.107314, 0.052000, 0.028297, 0.081493, 0.095611, 2.674888, 4.456028, 0.049691, 0.059534, 0.075267
