# ==============================
# ===> [GLC] SHAPE-template <===
# ==============================
# Latest Revision: 2016-09-01

showGui: 0          ## 1: true 0: false 
controlVal: 0       ## 0: do nothing 
trials: 100         ## Number of trials per "numRobots" 
incNumBoxesBy: 0.5  ## Total boxes increased by this percent 
incNumRobotsBy: 10  ## Number robots added to each "numRobots" 
steps: 8            ## Number of different IND variable vals to try 

width: 10 
height: 10 
boxNum: 277 
boxSize: 0.3 
boxShape: C         ## [C]ircle, [S]quare, [H]exagon 
robotNum: 20 
robotSize: 0.225 

patternNum: 1       ## (OUT OF SERVICE) 
goalError: 0.3 
trialTime: 5 
dimGrid: 33 

- 

6 7
6 8
6 9
6 10
6 19
6 20
6 21
6 22
6 23
7 7
7 8
7 9
7 10
7 18
7 19
7 20
7 21
7 22
8 7
8 8
8 9
8 10
8 18
8 19
8 20
8 21
9 7
9 8
9 9
9 10
9 17
9 18
9 19
9 20
9 21
10 7
10 8
10 9
10 10
10 16
10 17
10 18
10 19
10 20
11 7
11 8
11 9
11 10
11 15
11 16
11 17
11 18
11 19
12 7
12 8
12 9
12 10
12 14
12 15
12 16
12 17
12 18
13 7
13 8
13 9
13 10
13 13
13 14
13 15
13 16
13 17
14 7
14 8
14 9
14 10
14 12
14 13
14 14
14 15
14 16
15 7
15 8
15 9
15 10
15 11
15 12
15 13
15 14
15 15
15 16
16 7
16 8
16 9
16 10
16 11
16 12
16 13
16 14
16 15
16 16
16 17
17 7
17 8
17 9
17 10
17 11
17 12
17 13
17 14
17 15
17 16
17 17
18 7
18 8
18 9
18 10
18 11
18 12
18 14
18 15
18 16
18 17
18 18
19 7
19 8
19 9
19 10
19 11
19 15
19 16
19 17
19 18
19 19
20 7
20 8
20 9
20 10
20 16
20 17
20 18
20 19
21 7
21 8
21 9
21 10
21 16
21 17
21 18
21 19
21 20
22 7
22 8
22 9
22 10
22 17
22 18
22 19
22 20
22 21
23 7
23 8
23 9
23 10
23 18
23 19
23 20
23 21
23 22
24 7
24 8
24 9
24 10
24 19
24 20
24 21
24 22
25 7
25 8
25 9
25 10
25 19
25 20
25 21
25 22
25 23
