# ==============================
# ===> [GLC] SHAPE-template <===
# ==============================
# Latest Revision: 2016-08-31

showGui: 1 ## 1: true 0: false 
controlInt: 1 ## 0: do nothing 1: numRobots Test 2: numBoxes Test 3: boxDist Test 4: edge or no edge 
trials: 1 ## Number of trials per "numRobots" 
incNumBoxesBy: 0.5 ## Total boxes increased by this percent 
incNumRobotsBy: 0 ## Number robots added to each "numRobots" 
steps: 1 ## Number of different IND variable vals to try 

width: 10 
height: 10 
boxNum: 1233 
boxSize: 0.15 
boxShape: C ## [C]ircle, [S]quare, [H]exagon 
robotNum: 100 
robotSize: 0.1125 

patternNum: 1 ## (OUT OF SERVICE) 
goalError: 0.15 
trialTime: 5 
dimGrid: 65 

- 

12 14
12 15
12 16
12 17
12 18
12 19
12 20
12 21
12 39
12 40
12 41
12 42
12 43
12 44
12 45
12 46
12 47
12 48
13 14
13 15
13 16
13 17
13 18
13 19
13 20
13 21
13 22
13 38
13 39
13 40
13 41
13 42
13 43
13 44
13 45
13 46
13 47
14 14
14 15
14 16
14 17
14 18
14 19
14 20
14 21
14 22
14 37
14 38
14 39
14 40
14 41
14 42
14 43
14 44
14 45
14 46
14 47
15 14
15 15
15 16
15 17
15 18
15 19
15 20
15 21
15 22
15 36
15 37
15 38
15 39
15 40
15 41
15 42
15 43
15 44
15 45
15 46
16 14
16 15
16 16
16 17
16 18
16 19
16 20
16 21
16 22
16 35
16 36
16 37
16 38
16 39
16 40
16 41
16 42
16 43
16 44
16 45
17 14
17 15
17 16
17 17
17 18
17 19
17 20
17 21
17 22
17 34
17 35
17 36
17 37
17 38
17 39
17 40
17 41
17 42
17 43
17 44
18 14
18 15
18 16
18 17
18 18
18 19
18 20
18 21
18 22
18 33
18 34
18 35
18 36
18 37
18 38
18 39
18 40
18 41
18 42
18 43
19 14
19 15
19 16
19 17
19 18
19 19
19 20
19 21
19 22
19 32
19 33
19 34
19 35
19 36
19 37
19 38
19 39
19 40
19 41
19 42
20 14
20 15
20 16
20 17
20 18
20 19
20 20
20 21
20 22
20 31
20 32
20 33
20 34
20 36
20 37
20 38
20 39
20 40
20 41
21 14
21 15
21 16
21 17
21 18
21 19
21 20
21 21
21 22
21 31
21 32
21 33
21 34
21 35
21 36
21 37
21 38
21 39
21 40
22 14
22 15
22 16
22 17
22 18
22 19
22 20
22 21
22 22
22 30
22 31
22 32
22 33
22 34
22 35
22 36
22 37
22 38
22 39
23 14
23 15
23 16
23 17
23 18
23 19
23 20
23 21
23 22
23 29
23 30
23 31
23 32
23 33
23 34
23 35
23 36
23 37
23 38
24 14
24 15
24 16
24 17
24 18
24 19
24 20
24 21
24 22
24 28
24 29
24 30
24 31
24 32
24 33
24 34
24 35
24 36
24 37
24 38
25 14
25 15
25 16
25 17
25 18
25 19
25 20
25 21
25 22
25 27
25 28
25 29
25 30
25 31
25 32
25 33
25 34
25 35
25 36
25 37
26 14
26 15
26 16
26 17
26 18
26 19
26 20
26 21
26 22
26 26
26 27
26 28
26 29
26 30
26 31
26 32
26 33
26 34
26 35
26 36
27 14
27 15
27 16
27 17
27 18
27 19
27 20
27 21
27 22
27 25
27 26
27 27
27 28
27 29
27 30
27 31
27 32
27 33
27 34
27 35
28 14
28 15
28 16
28 17
28 18
28 19
28 20
28 21
28 22
28 24
28 25
28 26
28 27
28 28
28 29
28 30
28 31
28 32
28 33
28 34
29 14
29 15
29 16
29 17
29 18
29 19
29 20
29 21
29 22
29 23
29 24
29 25
29 26
29 27
29 28
29 29
29 30
29 31
29 32
29 33
30 14
30 15
30 16
30 17
30 18
30 19
30 20
30 21
30 22
30 23
30 24
30 25
30 26
30 27
30 28
30 29
30 30
30 31
30 32
30 33
31 14
31 15
31 16
31 17
31 18
31 19
31 20
31 21
31 22
31 23
31 24
31 25
31 26
31 27
31 28
31 29
31 30
31 31
31 32
31 33
32 14
32 15
32 16
32 17
32 18
32 19
32 20
32 21
32 22
32 23
32 24
32 25
32 26
32 27
32 28
32 29
32 30
32 31
32 32
32 33
32 34
33 14
33 15
33 16
33 17
33 18
33 19
33 20
33 21
33 22
33 23
33 24
33 25
33 26
33 27
33 28
33 29
33 30
33 31
33 32
33 33
33 34
33 35
34 14
34 15
34 16
34 17
34 18
34 19
34 20
34 21
34 22
34 23
34 24
34 25
34 26
34 27
34 28
34 29
34 30
34 31
34 32
34 33
34 34
34 35
34 36
35 14
35 15
35 16
35 17
35 18
35 19
35 20
35 21
35 22
35 23
35 24
35 25
35 26
35 27
35 28
35 29
35 30
35 31
35 32
35 33
35 34
35 35
35 36
36 14
36 15
36 16
36 17
36 18
36 19
36 20
36 21
36 22
36 23
36 24
36 25
36 26
36 27
36 28
36 29
36 30
36 31
36 32
36 33
36 34
36 35
36 36
36 37
37 14
37 15
37 16
37 17
37 18
37 19
37 20
37 21
37 22
37 23
37 24
37 25
37 28
37 29
37 30
37 31
37 32
37 33
37 34
37 35
37 36
37 37
37 38
38 14
38 15
38 16
38 17
38 18
38 19
38 20
38 21
38 22
38 23
38 24
38 25
38 29
38 30
38 31
38 32
38 33
38 34
38 35
38 36
38 37
38 38
39 14
39 15
39 16
39 17
39 18
39 19
39 20
39 21
39 22
39 23
39 24
39 30
39 31
39 32
39 33
39 34
39 35
39 36
39 37
39 38
39 39
40 14
40 15
40 16
40 17
40 18
40 19
40 20
40 21
40 22
40 23
40 31
40 32
40 33
40 34
40 35
40 36
40 37
40 38
40 39
40 40
41 14
41 15
41 16
41 17
41 18
41 19
41 20
41 21
41 22
41 31
41 32
41 33
41 34
41 35
41 36
41 37
41 38
41 39
41 40
41 41
42 14
42 15
42 16
42 17
42 18
42 19
42 20
42 21
42 22
42 32
42 33
42 34
42 35
42 36
42 37
42 38
42 39
42 40
42 41
43 14
43 15
43 16
43 17
43 18
43 19
43 20
43 21
43 22
43 33
43 34
43 35
43 36
43 37
43 38
43 39
43 40
43 41
43 42
44 14
44 15
44 16
44 17
44 18
44 19
44 20
44 21
44 22
44 34
44 35
44 36
44 37
44 38
44 39
44 40
44 41
44 42
44 43
45 14
45 15
45 16
45 17
45 18
45 19
45 20
45 21
45 22
45 34
45 35
45 36
45 37
45 38
45 39
45 40
45 41
45 42
45 43
46 14
46 15
46 16
46 17
46 18
46 19
46 20
46 21
46 22
46 35
46 36
46 37
46 38
46 39
46 40
46 41
46 42
46 43
46 44
47 14
47 15
47 16
47 17
47 18
47 19
47 20
47 21
47 22
47 36
47 37
47 38
47 39
47 40
47 41
47 42
47 43
47 44
47 45
48 14
48 15
48 16
48 17
48 18
48 19
48 20
48 21
48 22
48 36
48 37
48 38
48 39
48 40
48 41
48 42
48 43
48 44
48 45
48 46
49 14
49 15
49 16
49 17
49 18
49 19
49 20
49 21
49 22
49 37
49 38
49 39
49 40
49 41
49 42
49 43
49 44
49 45
49 46
50 14
50 15
50 16
50 17
50 18
50 19
50 20
50 21
50 22
50 38
50 39
50 40
50 41
50 42
50 43
50 44
50 45
50 46
50 47
51 14
51 15
51 16
51 17
51 18
51 19
51 20
51 21
51 22
51 39
51 40
51 41
51 42
51 43
51 44
51 45
51 46
51 47
51 48
52 14
52 15
52 16
52 17
52 18
52 19
52 20
52 21
52 22
52 39
52 40
52 41
52 42
52 43
52 44
52 45
52 46
52 47
52 48
